0.075008 0.000126
0.090009 0.000160
0.105011 0.000194
0.120012 0.000228
0.135014 0.000264
0.150015 0.000300
0.165017 0.000336
0.180018 0.000374
0.195020 0.000412
0.210021 0.000451
0.225023 0.000490
0.240024 0.000530
0.255026 0.000571
0.270027 0.000612
0.285029 0.000654
0.300030 0.000696
0.315032 0.000740
0.330033 0.000783
0.345035 0.000828
0.360036 0.000873
0.375038 0.000919
0.390039 0.000965
0.405041 0.001012
0.420042 0.001059
0.435044 0.001107
0.450045 0.001156
0.465047 0.001205
0.480048 0.001255
0.495050 0.001305
0.510051 0.001356
0.525053 0.001408
0.540054 0.001460
0.555056 0.001512
0.570057 0.001566
0.585059 0.001619
0.600060 0.001674
0.615062 0.001728
0.630063 0.001784
0.645065 0.001839
0.660066 0.001896
0.675068 0.001953
0.690069 0.002010
0.705071 0.002068
0.720072 0.002126
0.735074 0.002185
0.750075 0.002244
0.765077 0.002304
0.780078 0.002364
0.795080 0.002425
0.810081 0.002486
0.825083 0.002548
0.840084 0.002610
0.855086 0.002673
0.870087 0.002736
0.885089 0.002800
0.900090 0.002864
0.915092 0.002928
0.930093 0.002993
0.945095 0.003058
0.960096 0.003124
0.975098 0.003190
0.990099 0.003257
1.005101 0.003324
1.020102 0.003391
1.035104 0.003459
1.050105 0.003527
1.065107 0.003596
1.080108 0.003665
1.095110 0.003735
1.110111 0.003804
1.125113 0.003875
1.140114 0.003945
1.155116 0.004016
1.170117 0.004088
1.185119 0.004160
1.200120 0.004232
1.215122 0.004304
1.230123 0.004377
1.245125 0.004451
1.260126 0.004524
1.275128 0.004598
1.290129 0.004673
1.305131 0.004748
1.320132 0.004823
1.335134 0.004898
1.350135 0.004974
1.365137 0.005050
1.380138 0.005127
1.395140 0.005204
1.410141 0.005281
1.425143 0.005358
1.440144 0.005436
1.455146 0.005515
1.470147 0.005593
1.485149 0.005672
1.500150 0.005751
1.515152 0.005831
1.530153 0.005911
1.545155 0.005991
1.560156 0.006072
1.575158 0.006152
1.590159 0.006234
1.605161 0.006315
1.620162 0.006397
1.635164 0.006479
1.650165 0.006561
1.665167 0.006644
1.680168 0.006727
1.695170 0.006811
1.710171 0.006894
1.725173 0.006978
1.740174 0.007063
1.755176 0.007147
1.770177 0.007232
1.785179 0.007317
1.800180 0.007403
1.815182 0.007488
1.830183 0.007574
1.845185 0.007661
1.860186 0.007747
1.875188 0.007834
1.890189 0.007922
1.905191 0.008009
1.920192 0.008097
1.935194 0.008185
1.950195 0.008273
1.965197 0.008362
1.980198 0.008451
1.995200 0.008540
2.010201 0.008629
2.025203 0.008719
2.040204 0.008809
2.055206 0.008899
2.070207 0.008990
2.085209 0.009081
2.100210 0.009172
2.115212 0.009263
2.130213 0.009354
2.145215 0.009446
2.160216 0.009538
2.175218 0.009631
2.190219 0.009723
2.205221 0.009816
2.220222 0.009910
2.235224 0.010003
2.250225 0.010097
2.265227 0.010191
2.280228 0.010285
2.295230 0.010379
2.310231 0.010474
2.325233 0.010569
2.340234 0.010664
2.355236 0.010759
2.370237 0.010855
2.385239 0.010951
2.400240 0.011047
2.415242 0.011143
2.430243 0.011240
2.445245 0.011337
2.460246 0.011434
2.475248 0.011531
2.490249 0.011629
2.505251 0.011727
2.520252 0.011825
2.535254 0.011923
2.550255 0.012022
2.565257 0.012120
2.580258 0.012219
2.595260 0.012319
2.610261 0.012418
2.625263 0.012518
2.640264 0.012618
2.655266 0.012718
2.670267 0.012818
2.685269 0.012919
2.700270 0.013019
2.715272 0.013120
2.730273 0.013222
2.745275 0.013323
2.760276 0.013425
2.775278 0.013526
2.790279 0.013628
2.805281 0.013731
2.820282 0.013833
2.835284 0.013936
2.850285 0.014039
2.865287 0.014142
2.880288 0.014245
2.895290 0.014348
2.910291 0.014452
2.925293 0.014556
2.940294 0.014660
2.955296 0.014764
2.970297 0.014868
2.985299 0.014973
3.000300 0.015077
3.015302 0.015182
3.030303 0.015287
3.045305 0.015392
3.060306 0.015498
3.075308 0.015603
3.090309 0.015709
3.105311 0.015815
3.120312 0.015921
3.135314 0.016027
3.150315 0.016133
3.165317 0.016240
3.180318 0.016346
3.195320 0.016453
3.210321 0.016560
3.225323 0.016667
3.240324 0.016774
3.255326 0.016881
3.270327 0.016988
3.285329 0.017096
3.300330 0.017203
3.315332 0.017311
3.330333 0.017419
3.345335 0.017526
3.360336 0.017634
3.375338 0.017742
3.390339 0.017851
3.405341 0.017959
3.420342 0.018067
3.435344 0.018175
3.450345 0.018284
3.465347 0.018392
3.480348 0.018501
3.495350 0.018610
3.510351 0.018719
3.525353 0.018827
3.540354 0.018936
3.555356 0.019045
3.570357 0.019154
3.585359 0.019264
3.600360 0.019373
3.615362 0.019482
3.630363 0.019591
3.645365 0.019701
3.660366 0.019810
3.675368 0.019920
3.690369 0.020030
3.705371 0.020139
3.720372 0.020249
3.735374 0.020359
3.750375 0.020469
3.765377 0.020579
3.780378 0.020689
3.795380 0.020800
3.810381 0.020910
3.825383 0.021020
3.840384 0.021131
3.855386 0.021242
3.870387 0.021352
3.885389 0.021463
3.900390 0.021574
3.915392 0.021685
3.930393 0.021796
3.945395 0.021908
3.960396 0.022019
3.975398 0.022130
3.990399 0.022242
4.005401 0.022354
4.020402 0.022466
4.035404 0.022578
4.050405 0.022690
4.065407 0.022802
4.080408 0.022914
4.095410 0.023027
4.110411 0.023140
4.125413 0.023252
4.140414 0.023365
4.155416 0.023478
4.170417 0.023592
4.185419 0.023705
4.200420 0.023818
4.215422 0.023932
4.230423 0.024046
4.245425 0.024160
4.260426 0.024274
4.275428 0.024388
4.290429 0.024502
4.305431 0.024617
4.320432 0.024731
4.335434 0.024846
4.350435 0.024961
4.365437 0.025076
4.380438 0.025191
4.395440 0.025307
4.410441 0.025422
4.425443 0.025538
4.440444 0.025654
4.455446 0.025770
4.470447 0.025886
4.485449 0.026002
4.500450 0.026119
4.515452 0.026235
4.530453 0.026352
4.545455 0.026469
4.560456 0.026586
4.575458 0.026703
4.590459 0.026821
4.605461 0.026938
4.620462 0.027056
4.635464 0.027174
4.650465 0.027292
4.665467 0.027410
4.680468 0.027528
4.695470 0.027647
4.710471 0.027766
4.725473 0.027884
4.740474 0.028003
4.755476 0.028122
4.770477 0.028242
4.785479 0.028361
4.800480 0.028481
4.815482 0.028601
4.830483 0.028720
4.845485 0.028841
4.860486 0.028961
4.875488 0.029081
4.890489 0.029202
4.905491 0.029322
4.920492 0.029443
4.935494 0.029564
4.950495 0.029685
4.965497 0.029807
4.980498 0.029928
4.995500 0.030050
5.010501 0.030172
5.025503 0.030294
5.040504 0.030416
5.055506 0.030538
5.070507 0.030660
5.085509 0.030783
5.100510 0.030906
5.115512 0.031028
5.130513 0.031151
5.145515 0.031275
5.160516 0.031398
5.175518 0.031521
5.190519 0.031645
5.205521 0.031769
5.220522 0.031893
5.235524 0.032017
5.250525 0.032141
5.265527 0.032266
5.280528 0.032390
5.295530 0.032515
5.310531 0.032640
5.325533 0.032765
5.340534 0.032890
5.355536 0.033015
5.370537 0.033141
5.385539 0.033266
5.400540 0.033392
5.415542 0.033518
5.430543 0.033644
5.445545 0.033770
5.460546 0.033897
5.475548 0.034023
5.490549 0.034150
5.505551 0.034277
5.520552 0.034404
5.535554 0.034531
5.550555 0.034658
5.565557 0.034785
5.580558 0.034913
5.595560 0.035041
5.610561 0.035169
5.625563 0.035296
5.640564 0.035425
5.655566 0.035553
5.670567 0.035681
5.685569 0.035810
5.700570 0.035938
5.715572 0.036067
5.730573 0.036196
5.745575 0.036325
5.760576 0.036454
5.775578 0.036583
5.790579 0.036712
5.805581 0.036841
5.820582 0.036971
5.835584 0.037100
5.850585 0.037230
5.865587 0.037359
5.880588 0.037489
5.895590 0.037618
5.910591 0.037748
5.925593 0.037877
5.940594 0.038007
5.955596 0.038136
5.970597 0.038265
5.985599 0.038395
6.000600 0.038524
6.015602 0.038653
6.030603 0.038782
6.045605 0.038911
6.060606 0.039040
6.075608 0.039168
6.090609 0.039296
6.105611 0.039425
6.120612 0.039552
6.135614 0.039680
6.150615 0.039807
6.165617 0.039934
6.180618 0.040061
6.195620 0.040188
6.210621 0.040314
6.225623 0.040440
6.240624 0.040565
6.255626 0.040690
6.270627 0.040815
6.285629 0.040939
6.300630 0.041062
6.315632 0.041186
6.330633 0.041309
6.345635 0.041431
6.360636 0.041553
6.375638 0.041674
6.390639 0.041795
6.405641 0.041915
6.420642 0.042035
6.435644 0.042154
6.450645 0.042272
6.465647 0.042390
6.480648 0.042508
6.495650 0.042624
6.510651 0.042740
6.525653 0.042856
6.540654 0.042971
6.555656 0.043085
6.570657 0.043198
6.585659 0.043311
6.600660 0.043424
6.615662 0.043535
6.630663 0.043646
6.645665 0.043756
6.660666 0.043865
6.675668 0.043974
6.690669 0.044082
6.705671 0.044189
6.720672 0.044296
6.735674 0.044402
6.750675 0.044507
6.765677 0.044611
6.780678 0.044715
6.795680 0.044818
6.810681 0.044920
6.825683 0.045022
6.840684 0.045122
6.855686 0.045222
6.870687 0.045322
6.885689 0.045420
6.900690 0.045518
6.915692 0.045615
6.930693 0.045711
6.945695 0.045807
6.960696 0.045902
6.975698 0.045996
6.990699 0.046089
7.005701 0.046182
7.020702 0.046274
7.035704 0.046365
7.050705 0.046455
7.065707 0.046545
7.080708 0.046634
7.095710 0.046722
7.110711 0.046810
7.125713 0.046897
7.140714 0.046983
7.155716 0.047069
7.170717 0.047153
7.185719 0.047237
7.200720 0.047321
7.215722 0.047404
7.230723 0.047486
7.245725 0.047567
7.260726 0.047648
7.275728 0.047728
7.290729 0.047807
7.305731 0.047886
7.320732 0.047964
7.335734 0.048041
7.350735 0.048118
7.365737 0.048194
7.380738 0.048269
7.395740 0.048344
7.410741 0.048418
7.425743 0.048492
7.440744 0.048565
7.455746 0.048637
7.470747 0.048708
7.485749 0.048779
7.500750 0.048850
7.515752 0.048920
7.530753 0.048989
7.545755 0.049058
7.560756 0.049126
7.575758 0.049193
7.590759 0.049260
7.605761 0.049326
7.620762 0.049392
7.635764 0.049457
7.650765 0.049522
7.665767 0.049586
7.680768 0.049650
7.695770 0.049713
7.710771 0.049775
7.725773 0.049837
7.740774 0.049898
7.755776 0.049959
7.770777 0.050020
7.785779 0.050079
7.800780 0.050139
7.815782 0.050198
7.830783 0.050256
7.845785 0.050314
7.860786 0.050371
7.875788 0.050428
7.890789 0.050484
7.905791 0.050540
7.920792 0.050595
7.935794 0.050650
7.950795 0.050704
7.965797 0.050758
7.980798 0.050812
7.995800 0.050865
8.010801 0.050917
8.025803 0.050970
8.040804 0.051021
8.055806 0.051072
8.070807 0.051123
8.085809 0.051174
8.100810 0.051223
8.115812 0.051273
8.130813 0.051322
8.145815 0.051371
8.160816 0.051419
8.175818 0.051467
8.190819 0.051514
8.205821 0.051561
8.220822 0.051608
8.235824 0.051654
8.250825 0.051700
8.265827 0.051745
8.280828 0.051790
8.295830 0.051835
8.310831 0.051879
8.325833 0.051923
8.340834 0.051966
8.355836 0.052010
8.370837 0.052052
8.385839 0.052095
8.400840 0.052137
8.415842 0.052179
8.430843 0.052220
8.445845 0.052261
8.460846 0.052302
8.475848 0.052342
8.490849 0.052382
8.505851 0.052421
8.520852 0.052461
8.535854 0.052500
8.550855 0.052538
8.565857 0.052577
8.580858 0.052615
8.595860 0.052652
8.610861 0.052690
8.625863 0.052727
8.640864 0.052763
8.655866 0.052800
8.670867 0.052836
8.685869 0.052871
8.700870 0.052907
8.715872 0.052942
8.730873 0.052977
8.745875 0.053012
8.760876 0.053046
8.775878 0.053080
8.790879 0.053114
8.805881 0.053147
8.820882 0.053180
8.835884 0.053213
8.850885 0.053245
8.865887 0.053278
8.880888 0.053310
8.895890 0.053342
8.910891 0.053373
8.925893 0.053404
8.940894 0.053435
8.955896 0.053466
8.970897 0.053496
8.985899 0.053527
9.000900 0.053556
9.015902 0.053586
9.030903 0.053616
9.045905 0.053645
9.060906 0.053674
9.075908 0.053702
9.090909 0.053731
9.105911 0.053759
9.120912 0.053787
9.135914 0.053815
9.150915 0.053842
9.165917 0.053869
9.180918 0.053896
9.195920 0.053923
9.210921 0.053950
9.225923 0.053976
9.240924 0.054002
9.255926 0.054028
9.270927 0.054054
9.285929 0.054079
9.300930 0.054104
9.315932 0.054129
9.330933 0.054154
9.345935 0.054179
9.360936 0.054203
9.375938 0.054227
9.390939 0.054251
9.405941 0.054275
9.420942 0.054299
9.435944 0.054322
9.450945 0.054345
9.465947 0.054368
9.480948 0.054391
9.495950 0.054414
9.510951 0.054436
9.525953 0.054458
9.540954 0.054480
9.555956 0.054502
9.570957 0.054524
9.585959 0.054545
9.600960 0.054566
9.615962 0.054588
9.630963 0.054608
9.645965 0.054629
9.660966 0.054650
9.675968 0.054670
9.690969 0.054690
9.705971 0.054710
9.720972 0.054730
9.735974 0.054750
9.750975 0.054769
9.765977 0.054789
9.780978 0.054808
9.795980 0.054827
9.810981 0.054846
9.825983 0.054864
9.840984 0.054883
9.855986 0.054901
9.870987 0.054919
9.885989 0.054937
9.900990 0.054955
9.915992 0.054973
9.930993 0.054991
9.945995 0.055008
9.960996 0.055025
9.975998 0.055042
9.990999 0.055059
10.006001 0.055076
10.021002 0.055093
10.036004 0.055109
10.051005 0.055126
10.066007 0.055142
10.081008 0.055158
10.096010 0.055174
10.111011 0.055190
10.126013 0.055206
10.141014 0.055221
10.156016 0.055237
10.171017 0.055252
10.186019 0.055267
10.201020 0.055282
10.216022 0.055297
10.231023 0.055312
10.246025 0.055326
10.261026 0.055341
10.276028 0.055355
10.291029 0.055369
10.306031 0.055384
10.321032 0.055398
10.336034 0.055411
10.351035 0.055425
10.366037 0.055439
10.381038 0.055452
10.396040 0.055466
10.411041 0.055479
10.426043 0.055492
10.441044 0.055505
10.456046 0.055518
10.471047 0.055531
10.486049 0.055543
10.501050 0.055556
10.516052 0.055568
10.531053 0.055581
10.546055 0.055593
10.561056 0.055605
10.576058 0.055617
10.591059 0.055629
10.606061 0.055641
10.621062 0.055652
10.636064 0.055664
10.651065 0.055676
10.666067 0.055687
10.681068 0.055698
10.696070 0.055709
10.711071 0.055720
10.726073 0.055731
10.741074 0.055742
10.756076 0.055753
10.771077 0.055764
10.786079 0.055774
10.801080 0.055785
10.816082 0.055795
10.831083 0.055805
10.846085 0.055816
10.861086 0.055826
10.876088 0.055836
10.891089 0.055846
10.906091 0.055855
10.921092 0.055865
10.936094 0.055875
10.951095 0.055884
10.966097 0.055894
10.981098 0.055903
10.996100 0.055913
11.011101 0.055922
11.026103 0.055931
11.041104 0.055940
11.056106 0.055949
11.071107 0.055958
11.086109 0.055967
11.101110 0.055975
11.116112 0.055984
11.131113 0.055992
11.146115 0.056001
11.161116 0.056009
11.176118 0.056018
11.191119 0.056026
11.206121 0.056034
11.221122 0.056042
11.236124 0.056050
11.251125 0.056058
11.266127 0.056066
11.281128 0.056074
11.296130 0.056081
11.311131 0.056089
11.326133 0.056097
11.341134 0.056104
11.356136 0.056112
11.371137 0.056119
11.386139 0.056126
11.401140 0.056133
11.416142 0.056141
11.431143 0.056148
11.446145 0.056155
11.461146 0.056162
11.476148 0.056169
11.491149 0.056175
11.506151 0.056182
11.521152 0.056189
11.536154 0.056195
11.551155 0.056202
11.566157 0.056209
11.581158 0.056215
11.596160 0.056221
11.611161 0.056228
11.626163 0.056234
11.641164 0.056240
11.656166 0.056246
11.671167 0.056252
11.686169 0.056258
11.701170 0.056264
11.716172 0.056270
11.731173 0.056276
11.746175 0.056282
11.761176 0.056288
11.776178 0.056293
11.791179 0.056299
11.806181 0.056305
11.821182 0.056310
11.836184 0.056316
11.851185 0.056321
11.866187 0.056326
11.881188 0.056332
11.896190 0.056337
11.911191 0.056342
11.926193 0.056347
11.941194 0.056352
11.956196 0.056357
11.971197 0.056362
11.986199 0.056367
12.001200 0.056372
12.016202 0.056377
12.031203 0.056382
12.046205 0.056387
12.061206 0.056391
12.076208 0.056396
12.091209 0.056401
12.106211 0.056405
12.121212 0.056410
12.136214 0.056414
12.151215 0.056419
12.166217 0.056423
12.181218 0.056428
12.196220 0.056432
12.211221 0.056436
12.226223 0.056440
12.241224 0.056445
12.256226 0.056449
12.271227 0.056453
12.286229 0.056457
12.301230 0.056461
12.316232 0.056465
12.331233 0.056469
12.346235 0.056473
12.361236 0.056477
12.376238 0.056480
12.391239 0.056484
12.406241 0.056488
12.421242 0.056492
12.436244 0.056495
12.451245 0.056499
12.466247 0.056503
12.481248 0.056506
12.496250 0.056510
12.511251 0.056513
12.526253 0.056517
12.541254 0.056520
12.556256 0.056524
12.571257 0.056527
12.586259 0.056530
12.601260 0.056534
12.616262 0.056537
12.631263 0.056540
12.646265 0.056543
12.661266 0.056546
12.676268 0.056550
12.691269 0.056553
12.706271 0.056556
12.721272 0.056559
12.736274 0.056562
12.751275 0.056565
12.766277 0.056568
12.781278 0.056571
12.796280 0.056574
12.811281 0.056576
12.826283 0.056579
12.841284 0.056582
12.856286 0.056585
12.871287 0.056588
12.886289 0.056590
12.901290 0.056593
12.916292 0.056596
12.931293 0.056598
12.946295 0.056601
12.961296 0.056603
12.976298 0.056606
12.991299 0.056609
13.006301 0.056611
13.021302 0.056614
13.036304 0.056616
13.051305 0.056618
13.066307 0.056621
13.081308 0.056623
13.096310 0.056626
13.111311 0.056628
13.126313 0.056630
13.141314 0.056632
13.156316 0.056635
13.171317 0.056637
13.186319 0.056639
13.201320 0.056641
13.216322 0.056643
13.231323 0.056646
13.246325 0.056648
13.261326 0.056650
13.276328 0.056652
13.291329 0.056654
13.306331 0.056656
13.321332 0.056658
13.336334 0.056660
13.351335 0.056662
13.366337 0.056664
13.381338 0.056666
13.396340 0.056668
13.411341 0.056670
13.426343 0.056672
13.441344 0.056673
13.456346 0.056675
13.471347 0.056677
13.486349 0.056679
13.501350 0.056681
13.516352 0.056682
13.531353 0.056684
13.546355 0.056686
13.561356 0.056688
13.576358 0.056689
13.591359 0.056691
13.606361 0.056693
13.621362 0.056694
13.636364 0.056696
13.651365 0.056697
13.666367 0.056699
13.681368 0.056701
13.696370 0.056702
13.711371 0.056704
13.726373 0.056705
13.741374 0.056707
13.756376 0.056708
13.771377 0.056710
13.786379 0.056711
13.801380 0.056713
13.816382 0.056714
13.831383 0.056715
13.846385 0.056717
13.861386 0.056718
13.876388 0.056720
13.891389 0.056721
13.906391 0.056722
13.921392 0.056724
13.936394 0.056725
13.951395 0.056726
13.966397 0.056728
13.981398 0.056729
13.996400 0.056730
14.011401 0.056731
14.026403 0.056733
14.041404 0.056734
14.056406 0.056735
14.071407 0.056736
14.086409 0.056737
14.101410 0.056739
14.116412 0.056740
14.131413 0.056741
14.146415 0.056742
14.161416 0.056743
14.176418 0.056744
14.191419 0.056745
14.206421 0.056746
14.221422 0.056747
14.236424 0.056749
14.251425 0.056750
14.266427 0.056751
14.281428 0.056752
14.296430 0.056753
14.311431 0.056754
14.326433 0.056755
14.341434 0.056756
14.356436 0.056757
14.371437 0.056758
14.386439 0.056759
14.401440 0.056760
14.416442 0.056760
14.431443 0.056761
14.446445 0.056762
14.461446 0.056763
14.476448 0.056764
14.491449 0.056765
14.506451 0.056766
14.521452 0.056767
14.536454 0.056768
14.551455 0.056768
14.566457 0.056769
14.581458 0.056770
14.596460 0.056771
14.611461 0.056772
14.626463 0.056773
14.641464 0.056773
14.656466 0.056774
14.671467 0.056775
14.686469 0.056776
14.701470 0.056777
14.716472 0.056777
14.731473 0.056778
14.746475 0.056779
14.761476 0.056780
14.776478 0.056780
14.791479 0.056781
14.806481 0.056782
14.821482 0.056782
14.836484 0.056783
14.851485 0.056784
14.866487 0.056784
14.881488 0.056785
14.896490 0.056786
14.911491 0.056787
14.926493 0.056787
14.941494 0.056788
14.956496 0.056788
14.971497 0.056789
14.986499 0.056790
15.001500 0.056790
15.016502 0.056791
15.031503 0.056792
15.046505 0.056792
15.061506 0.056793
15.076508 0.056793
15.091509 0.056794
15.106511 0.056795
15.121512 0.056795
15.136514 0.056796
15.151515 0.056796
15.166517 0.056797
15.181518 0.056797
15.196520 0.056798
15.211521 0.056798
15.226523 0.056799
15.241524 0.056800
15.256526 0.056800
15.271527 0.056801
15.286529 0.056801
15.301530 0.056802
15.316532 0.056802
15.331533 0.056803
15.346535 0.056803
15.361536 0.056804
15.376538 0.056804
15.391539 0.056805
15.406541 0.056805
15.421542 0.056805
15.436544 0.056806
15.451545 0.056806
15.466547 0.056807
15.481548 0.056807
15.496550 0.056808
15.511551 0.056808
15.526553 0.056809
15.541554 0.056809
15.556556 0.056809
15.571557 0.056810
15.586559 0.056810
15.601560 0.056811
15.616562 0.056811
15.631563 0.056812
15.646565 0.056812
15.661566 0.056812
15.676568 0.056813
15.691569 0.056813
15.706571 0.056814
15.721572 0.056814
15.736574 0.056814
15.751575 0.056815
15.766577 0.056815
15.781578 0.056815
15.796580 0.056816
15.811581 0.056816
15.826583 0.056816
15.841584 0.056817
15.856586 0.056817
15.871587 0.056818
15.886589 0.056818
15.901590 0.056818
15.916592 0.056819
15.931593 0.056819
15.946595 0.056819
15.961596 0.056820
15.976598 0.056820
15.991599 0.056820
16.006601 0.056821
16.021602 0.056821
16.036604 0.056821
16.051605 0.056821
16.066607 0.056822
16.081608 0.056822
16.096610 0.056822
16.111611 0.056823
16.126613 0.056823
16.141614 0.056823
16.156616 0.056824
16.171617 0.056824
16.186619 0.056824
16.201620 0.056824
16.216622 0.056825
16.231623 0.056825
16.246625 0.056825
16.261626 0.056825
16.276628 0.056826
16.291629 0.056826
16.306631 0.056826
16.321632 0.056827
16.336634 0.056827
16.351635 0.056827
16.366637 0.056827
16.381638 0.056828
16.396640 0.056828
16.411641 0.056828
16.426643 0.056828
16.441644 0.056829
16.456646 0.056829
16.471647 0.056829
16.486649 0.056829
16.501650 0.056829
16.516652 0.056830
16.531653 0.056830
16.546655 0.056830
16.561656 0.056830
16.576658 0.056831
16.591659 0.056831
16.606661 0.056831
16.621662 0.056831
16.636664 0.056831
16.651665 0.056832
16.666667 0.056832
16.681668 0.056832
16.696670 0.056832
16.711671 0.056833
16.726673 0.056833
16.741674 0.056833
16.756676 0.056833
16.771677 0.056833
16.786679 0.056834
16.801680 0.056834
16.816682 0.056834
16.831683 0.056834
16.846685 0.056834
16.861686 0.056834
16.876688 0.056835
16.891689 0.056835
16.906691 0.056835
16.921692 0.056835
16.936694 0.056835
16.951695 0.056836
16.966697 0.056836
16.981698 0.056836
16.996700 0.056836
17.011701 0.056836
17.026703 0.056836
17.041704 0.056837
17.056706 0.056837
17.071707 0.056837
17.086709 0.056837
17.101710 0.056837
17.116712 0.056837
17.131713 0.056838
17.146715 0.056838
17.161716 0.056838
17.176718 0.056838
17.191719 0.056838
17.206721 0.056838
17.221722 0.056839
17.236724 0.056839
17.251725 0.056839
17.266727 0.056839
17.281728 0.056839
17.296730 0.056839
17.311731 0.056839
17.326733 0.056840
17.341734 0.056840
17.356736 0.056840
17.371737 0.056840
17.386739 0.056840
17.401740 0.056840
17.416742 0.056840
17.431743 0.056841
17.446745 0.056841
17.461746 0.056841
17.476748 0.056841
17.491749 0.056841
17.506751 0.056841
17.521752 0.056841
17.536754 0.056842
17.551755 0.056842
17.566757 0.056842
17.581758 0.056842
17.596760 0.056842
17.611761 0.056842
17.626763 0.056842
17.641764 0.056842
17.656766 0.056843
17.671767 0.056843
17.686769 0.056843
17.701770 0.056843
17.716772 0.056843
17.731773 0.056843
17.746775 0.056843
17.761776 0.056843
17.776778 0.056843
17.791779 0.056844
17.806781 0.056844
17.821782 0.056844
17.836784 0.056844
17.851785 0.056844
17.866787 0.056844
17.881788 0.056844
17.896790 0.056844
17.911791 0.056845
17.926793 0.056845
17.941794 0.056845
17.956796 0.056845
17.971797 0.056845
17.986799 0.056845
18.001800 0.056845
18.016802 0.056845
18.031803 0.056845
18.046805 0.056845
18.061806 0.056846
18.076808 0.056846
18.091809 0.056846
18.106811 0.056846
18.121812 0.056846
18.136814 0.056846
18.151815 0.056846
18.166817 0.056846
18.181818 0.056846
18.196820 0.056846
18.211821 0.056847
18.226823 0.056847
18.241824 0.056847
18.256826 0.056847
18.271827 0.056847
18.286829 0.056847
18.301830 0.056847
18.316832 0.056847
18.331833 0.056847
18.346835 0.056847
18.361836 0.056848
18.376838 0.056848
18.391839 0.056848
18.406841 0.056848
18.421842 0.056848
18.436844 0.056848
18.451845 0.056848
18.466847 0.056848
18.481848 0.056848
18.496850 0.056848
18.511851 0.056848
18.526853 0.056849
18.541854 0.056849
18.556856 0.056849
18.571857 0.056849
18.586859 0.056849
18.601860 0.056849
18.616862 0.056849
18.631863 0.056849
18.646865 0.056849
18.661866 0.056849
18.676868 0.056849
18.691869 0.056849
18.706871 0.056850
18.721872 0.056850
18.736874 0.056850
18.751875 0.056850
18.766877 0.056850
18.781878 0.056850
18.796880 0.056850
18.811881 0.056850
18.826883 0.056850
18.841884 0.056850
18.856886 0.056850
18.871887 0.056850
18.886889 0.056850
18.901890 0.056851
18.916892 0.056851
18.931893 0.056851
18.946895 0.056851
18.961896 0.056851
18.976898 0.056851
18.991899 0.056851
19.006901 0.056851
19.021902 0.056851
19.036904 0.056851
19.051905 0.056851
19.066907 0.056851
19.081908 0.056851
19.096910 0.056852
19.111911 0.056852
19.126913 0.056852
19.141914 0.056852
19.156916 0.056852
19.171917 0.056852
19.186919 0.056852
19.201920 0.056852
19.216922 0.056852
19.231923 0.056852
19.246925 0.056852
19.261926 0.056852
19.276928 0.056852
19.291929 0.056852
19.306931 0.056853
19.321932 0.056853
19.336934 0.056853
19.351935 0.056853
19.366937 0.056853
19.381938 0.056853
19.396940 0.056853
19.411941 0.056853
19.426943 0.056853
19.441944 0.056853
19.456946 0.056853
19.471947 0.056853
19.486949 0.056853
19.501950 0.056853
19.516952 0.056853
19.531953 0.056854
19.546955 0.056854
19.561956 0.056854
19.576958 0.056854
19.591959 0.056854
19.606961 0.056854
19.621962 0.056854
19.636964 0.056854
19.651965 0.056854
19.666967 0.056854
19.681968 0.056854
19.696970 0.056854
19.711971 0.056854
19.726973 0.056854
19.741974 0.056854
19.756976 0.056854
19.771977 0.056855
19.786979 0.056855
19.801980 0.056855
19.816982 0.056855
19.831983 0.056855
19.846985 0.056855
19.861986 0.056855
19.876988 0.056855
19.891989 0.056855
19.906991 0.056855
19.921992 0.056855
19.936994 0.056855
19.951995 0.056855
19.966997 0.056855
19.981998 0.056855
