0.075008 0.000126
0.090009 0.000160
0.105011 0.000194
0.120012 0.000228
0.135014 0.000264
0.150015 0.000300
0.165017 0.000336
0.180018 0.000374
0.195020 0.000412
0.210021 0.000451
0.225023 0.000490
0.240024 0.000530
0.255026 0.000571
0.270027 0.000612
0.285029 0.000654
0.300030 0.000696
0.315032 0.000740
0.330033 0.000783
0.345035 0.000828
0.360036 0.000873
0.375038 0.000919
0.390039 0.000965
0.405041 0.001012
0.420042 0.001059
0.435044 0.001107
0.450045 0.001156
0.465047 0.001205
0.480048 0.001255
0.495050 0.001305
0.510051 0.001356
0.525053 0.001408
0.540054 0.001460
0.555056 0.001513
0.570057 0.001566
0.585059 0.001619
0.600060 0.001674
0.615062 0.001728
0.630063 0.001784
0.645065 0.001840
0.660066 0.001896
0.675068 0.001953
0.690069 0.002010
0.705071 0.002068
0.720072 0.002126
0.735074 0.002185
0.750075 0.002245
0.765077 0.002304
0.780078 0.002365
0.795080 0.002425
0.810081 0.002487
0.825083 0.002548
0.840084 0.002611
0.855086 0.002673
0.870087 0.002736
0.885089 0.002800
0.900090 0.002864
0.915092 0.002928
0.930093 0.002993
0.945095 0.003059
0.960096 0.003124
0.975098 0.003190
0.990099 0.003257
1.005101 0.003324
1.020102 0.003391
1.035104 0.003459
1.050105 0.003528
1.065107 0.003596
1.080108 0.003665
1.095110 0.003735
1.110111 0.003805
1.125113 0.003875
1.140114 0.003946
1.155116 0.004017
1.170117 0.004088
1.185119 0.004160
1.200120 0.004232
1.215122 0.004305
1.230123 0.004378
1.245125 0.004451
1.260126 0.004525
1.275128 0.004599
1.290129 0.004673
1.305131 0.004748
1.320132 0.004823
1.335134 0.004898
1.350135 0.004974
1.365137 0.005051
1.380138 0.005127
1.395140 0.005204
1.410141 0.005281
1.425143 0.005359
1.440144 0.005437
1.455146 0.005515
1.470147 0.005593
1.485149 0.005672
1.500150 0.005752
1.515152 0.005831
1.530153 0.005911
1.545155 0.005991
1.560156 0.006072
1.575158 0.006153
1.590159 0.006234
1.605161 0.006315
1.620162 0.006397
1.635164 0.006479
1.650165 0.006562
1.665167 0.006645
1.680168 0.006728
1.695170 0.006811
1.710171 0.006895
1.725173 0.006979
1.740174 0.007063
1.755176 0.007148
1.770177 0.007232
1.785179 0.007318
1.800180 0.007403
1.815182 0.007489
1.830183 0.007575
1.845185 0.007661
1.860186 0.007748
1.875188 0.007835
1.890189 0.007922
1.905191 0.008009
1.920192 0.008097
1.935194 0.008185
1.950195 0.008274
1.965197 0.008362
1.980198 0.008451
1.995200 0.008540
2.010201 0.008630
2.025203 0.008719
2.040204 0.008809
2.055206 0.008900
2.070207 0.008990
2.085209 0.009081
2.100210 0.009172
2.115212 0.009263
2.130213 0.009355
2.145215 0.009447
2.160216 0.009539
2.175218 0.009631
2.190219 0.009724
2.205221 0.009817
2.220222 0.009910
2.235224 0.010003
2.250225 0.010097
2.265227 0.010191
2.280228 0.010285
2.295230 0.010380
2.310231 0.010474
2.325233 0.010569
2.340234 0.010664
2.355236 0.010760
2.370237 0.010855
2.385239 0.010951
2.400240 0.011047
2.415242 0.011144
2.430243 0.011241
2.445245 0.011337
2.460246 0.011435
2.475248 0.011532
2.490249 0.011629
2.505251 0.011727
2.520252 0.011825
2.535254 0.011924
2.550255 0.012022
2.565257 0.012121
2.580258 0.012220
2.595260 0.012319
2.610261 0.012419
2.625263 0.012518
2.640264 0.012618
2.655266 0.012718
2.670267 0.012819
2.685269 0.012919
2.700270 0.013020
2.715272 0.013121
2.730273 0.013222
2.745275 0.013323
2.760276 0.013425
2.775278 0.013527
2.790279 0.013629
2.805281 0.013731
2.820282 0.013834
2.835284 0.013936
2.850285 0.014039
2.865287 0.014142
2.880288 0.014245
2.895290 0.014349
2.910291 0.014452
2.925293 0.014556
2.940294 0.014660
2.955296 0.014764
2.970297 0.014869
2.985299 0.014973
3.000300 0.015078
3.015302 0.015183
3.030303 0.015288
3.045305 0.015393
3.060306 0.015498
3.075308 0.015604
3.090309 0.015710
3.105311 0.015815
3.120312 0.015921
3.135314 0.016028
3.150315 0.016134
3.165317 0.016240
3.180318 0.016347
3.195320 0.016453
3.210321 0.016560
3.225323 0.016667
3.240324 0.016774
3.255326 0.016881
3.270327 0.016989
3.285329 0.017096
3.300330 0.017204
3.315332 0.017311
3.330333 0.017419
3.345335 0.017527
3.360336 0.017635
3.375338 0.017743
3.390339 0.017851
3.405341 0.017959
3.420342 0.018068
3.435344 0.018176
3.450345 0.018284
3.465347 0.018393
3.480348 0.018502
3.495350 0.018610
3.510351 0.018719
3.525353 0.018828
3.540354 0.018937
3.555356 0.019046
3.570357 0.019155
3.585359 0.019264
3.600360 0.019373
3.615362 0.019483
3.630363 0.019592
3.645365 0.019701
3.660366 0.019811
3.675368 0.019920
3.690369 0.020030
3.705371 0.020140
3.720372 0.020250
3.735374 0.020360
3.750375 0.020470
3.765377 0.020580
3.780378 0.020690
3.795380 0.020800
3.810381 0.020910
3.825383 0.021021
3.840384 0.021131
3.855386 0.021242
3.870387 0.021353
3.885389 0.021464
3.900390 0.021575
3.915392 0.021686
3.930393 0.021797
3.945395 0.021908
3.960396 0.022020
3.975398 0.022131
3.990399 0.022243
4.005401 0.022354
4.020402 0.022466
4.035404 0.022578
4.050405 0.022690
4.065407 0.022803
4.080408 0.022915
4.095410 0.023027
4.110411 0.023140
4.125413 0.023253
4.140414 0.023366
4.155416 0.023479
4.170417 0.023592
4.185419 0.023705
4.200420 0.023819
4.215422 0.023932
4.230423 0.024046
4.245425 0.024160
4.260426 0.024274
4.275428 0.024388
4.290429 0.024503
4.305431 0.024617
4.320432 0.024732
4.335434 0.024847
4.350435 0.024961
4.365437 0.025077
4.380438 0.025192
4.395440 0.025307
4.410441 0.025423
4.425443 0.025538
4.440444 0.025654
4.455446 0.025770
4.470447 0.025886
4.485449 0.026003
4.500450 0.026119
4.515452 0.026236
4.530453 0.026353
4.545455 0.026470
4.560456 0.026587
4.575458 0.026704
4.590459 0.026821
4.605461 0.026939
4.620462 0.027057
4.635464 0.027174
4.650465 0.027292
4.665467 0.027411
4.680468 0.027529
4.695470 0.027647
4.710471 0.027766
4.725473 0.027885
4.740474 0.028004
4.755476 0.028123
4.770477 0.028242
4.785479 0.028362
4.800480 0.028481
4.815482 0.028601
4.830483 0.028721
4.845485 0.028841
4.860486 0.028961
4.875488 0.029082
4.890489 0.029202
4.905491 0.029323
4.920492 0.029444
4.935494 0.029565
4.950495 0.029686
4.965497 0.029807
4.980498 0.029929
4.995500 0.030050
5.010501 0.030172
5.025503 0.030294
5.040504 0.030416
5.055506 0.030538
5.070507 0.030661
5.085509 0.030783
5.100510 0.030906
5.115512 0.031029
5.130513 0.031152
5.145515 0.031275
5.160516 0.031398
5.175518 0.031522
5.190519 0.031645
5.205521 0.031769
5.220522 0.031893
5.235524 0.032017
5.250525 0.032141
5.265527 0.032265
5.280528 0.032389
5.295530 0.032513
5.310531 0.032638
5.325533 0.032762
5.340534 0.032887
5.355536 0.033012
5.370537 0.033136
5.385539 0.033261
5.400540 0.033386
5.415542 0.033511
5.430543 0.033636
5.445545 0.033761
5.460546 0.033885
5.475548 0.034010
5.490549 0.034135
5.505551 0.034260
5.520552 0.034384
5.535554 0.034509
5.550555 0.034633
5.565557 0.034757
5.580558 0.034881
5.595560 0.035005
5.610561 0.035129
5.625563 0.035253
5.640564 0.035376
5.655566 0.035500
5.670567 0.035622
5.685569 0.035745
5.700570 0.035868
5.715572 0.035990
5.730573 0.036112
5.745575 0.036233
5.760576 0.036354
5.775578 0.036475
5.790579 0.036595
5.805581 0.036715
5.820582 0.036835
5.835584 0.036954
5.850585 0.037073
5.865587 0.037191
5.880588 0.037309
5.895590 0.037426
5.910591 0.037543
5.925593 0.037659
5.940594 0.037775
5.955596 0.037891
5.970597 0.038005
5.985599 0.038120
6.000600 0.038233
6.015602 0.038346
6.030603 0.038459
6.045605 0.038571
6.060606 0.038682
6.075608 0.038792
6.090609 0.038903
6.105611 0.039012
6.120612 0.039121
6.135614 0.039229
6.150615 0.039336
6.165617 0.039443
6.180618 0.039549
6.195620 0.039655
6.210621 0.039760
6.225623 0.039864
6.240624 0.039967
6.255626 0.040070
6.270627 0.040172
6.285629 0.040274
6.300630 0.040375
6.315632 0.040475
6.330633 0.040574
6.345635 0.040673
6.360636 0.040771
6.375638 0.040868
6.390639 0.040965
6.405641 0.041061
6.420642 0.041156
6.435644 0.041250
6.450645 0.041344
6.465647 0.041437
6.480648 0.041530
6.495650 0.041621
6.510651 0.041712
6.525653 0.041803
6.540654 0.041892
6.555656 0.041981
6.570657 0.042070
6.585659 0.042157
6.600660 0.042244
6.615662 0.042330
6.630663 0.042416
6.645665 0.042501
6.660666 0.042585
6.675668 0.042669
6.690669 0.042752
6.705671 0.042834
6.720672 0.042915
6.735674 0.042996
6.750675 0.043077
6.765677 0.043156
6.780678 0.043235
6.795680 0.043314
6.810681 0.043391
6.825683 0.043468
6.840684 0.043545
6.855686 0.043621
6.870687 0.043696
6.885689 0.043771
6.900690 0.043845
6.915692 0.043918
6.930693 0.043991
6.945695 0.044063
6.960696 0.044134
6.975698 0.044205
6.990699 0.044276
7.005701 0.044346
7.020702 0.044415
7.035704 0.044484
7.050705 0.044552
7.065707 0.044619
7.080708 0.044686
7.095710 0.044753
7.110711 0.044819
7.125713 0.044884
7.140714 0.044949
7.155716 0.045013
7.170717 0.045077
7.185719 0.045140
7.200720 0.045202
7.215722 0.045265
7.230723 0.045326
7.245725 0.045387
7.260726 0.045448
7.275728 0.045508
7.290729 0.045568
7.305731 0.045627
7.320732 0.045685
7.335734 0.045743
7.350735 0.045801
7.365737 0.045858
7.380738 0.045915
7.395740 0.045971
7.410741 0.046027
7.425743 0.046082
7.440744 0.046137
7.455746 0.046191
7.470747 0.046245
7.485749 0.046299
7.500750 0.046352
7.515752 0.046404
7.530753 0.046456
7.545755 0.046508
7.560756 0.046559
7.575758 0.046610
7.590759 0.046660
7.605761 0.046710
7.620762 0.046760
7.635764 0.046809
7.650765 0.046858
7.665767 0.046906
7.680768 0.046954
7.695770 0.047002
7.710771 0.047049
7.725773 0.047096
7.740774 0.047142
7.755776 0.047188
7.770777 0.047234
7.785779 0.047279
7.800780 0.047324
7.815782 0.047369
7.830783 0.047413
7.845785 0.047457
7.860786 0.047500
7.875788 0.047543
7.890789 0.047586
7.905791 0.047628
7.920792 0.047670
7.935794 0.047712
7.950795 0.047753
7.965797 0.047794
7.980798 0.047835
7.995800 0.047875
8.010801 0.047915
8.025803 0.047955
8.040804 0.047994
8.055806 0.048033
8.070807 0.048072
8.085809 0.048110
8.100810 0.048148
8.115812 0.048186
8.130813 0.048224
8.145815 0.048261
8.160816 0.048298
8.175818 0.048334
8.190819 0.048370
8.205821 0.048406
8.220822 0.048442
8.235824 0.048477
8.250825 0.048513
8.265827 0.048547
8.280828 0.048582
8.295830 0.048616
8.310831 0.048650
8.325833 0.048684
8.340834 0.048717
8.355836 0.048750
8.370837 0.048783
8.385839 0.048816
8.400840 0.048848
8.415842 0.048880
8.430843 0.048912
8.445845 0.048943
8.460846 0.048975
8.475848 0.049006
8.490849 0.049036
8.505851 0.049067
8.520852 0.049097
8.535854 0.049127
8.550855 0.049157
8.565857 0.049187
8.580858 0.049216
8.595860 0.049245
8.610861 0.049274
8.625863 0.049302
8.640864 0.049331
8.655866 0.049359
8.670867 0.049387
8.685869 0.049415
8.700870 0.049442
8.715872 0.049469
8.730873 0.049496
8.745875 0.049523
8.760876 0.049550
8.775878 0.049576
8.790879 0.049602
8.805881 0.049628
8.820882 0.049654
8.835884 0.049679
8.850885 0.049705
8.865887 0.049730
8.880888 0.049755
8.895890 0.049779
8.910891 0.049804
8.925893 0.049828
8.940894 0.049852
8.955896 0.049876
8.970897 0.049900
8.985899 0.049923
9.000900 0.049947
9.015902 0.049970
9.030903 0.049993
9.045905 0.050015
9.060906 0.050038
9.075908 0.050060
9.090909 0.050082
9.105911 0.050104
9.120912 0.050126
9.135914 0.050148
9.150915 0.050169
9.165917 0.050191
9.180918 0.050212
9.195920 0.050233
9.210921 0.050254
9.225923 0.050274
9.240924 0.050295
9.255926 0.050315
9.270927 0.050335
9.285929 0.050355
9.300930 0.050375
9.315932 0.050394
9.330933 0.050414
9.345935 0.050433
9.360936 0.050452
9.375938 0.050471
9.390939 0.050490
9.405941 0.050509
9.420942 0.050527
9.435944 0.050546
9.450945 0.050564
9.465947 0.050582
9.480948 0.050600
9.495950 0.050618
9.510951 0.050635
9.525953 0.050653
9.540954 0.050670
9.555956 0.050687
9.570957 0.050704
9.585959 0.050721
9.600960 0.050738
9.615962 0.050755
9.630963 0.050771
9.645965 0.050787
9.660966 0.050804
9.675968 0.050820
9.690969 0.050836
9.705971 0.050851
9.720972 0.050867
9.735974 0.050883
9.750975 0.050898
9.765977 0.050913
9.780978 0.050928
9.795980 0.050943
9.810981 0.050958
9.825983 0.050973
9.840984 0.050988
9.855986 0.051002
9.870987 0.051017
9.885989 0.051031
9.900990 0.051045
9.915992 0.051059
9.930993 0.051073
9.945995 0.051087
9.960996 0.051101
9.975998 0.051114
9.990999 0.051128
10.006001 0.051141
10.021002 0.051154
10.036004 0.051168
10.051005 0.051181
10.066007 0.051193
10.081008 0.051206
10.096010 0.051219
10.111011 0.051232
10.126013 0.051244
10.141014 0.051256
10.156016 0.051269
10.171017 0.051281
10.186019 0.051293
10.201020 0.051305
10.216022 0.051317
10.231023 0.051328
10.246025 0.051340
10.261026 0.051352
10.276028 0.051363
10.291029 0.051374
10.306031 0.051386
10.321032 0.051397
10.336034 0.051408
10.351035 0.051419
10.366037 0.051430
10.381038 0.051441
10.396040 0.051451
10.411041 0.051462
10.426043 0.051472
10.441044 0.051483
10.456046 0.051493
10.471047 0.051503
10.486049 0.051513
10.501050 0.051524
10.516052 0.051534
10.531053 0.051543
10.546055 0.051553
10.561056 0.051563
10.576058 0.051573
10.591059 0.051582
10.606061 0.051592
10.621062 0.051601
10.636064 0.051610
10.651065 0.051619
10.666067 0.051629
10.681068 0.051638
10.696070 0.051647
10.711071 0.051656
10.726073 0.051664
10.741074 0.051673
10.756076 0.051682
10.771077 0.051690
10.786079 0.051699
10.801080 0.051707
10.816082 0.051716
10.831083 0.051724
10.846085 0.051732
10.861086 0.051740
10.876088 0.051748
10.891089 0.051756
10.906091 0.051764
10.921092 0.051772
10.936094 0.051780
10.951095 0.051788
10.966097 0.051795
10.981098 0.051803
10.996100 0.051811
11.011101 0.051818
11.026103 0.051825
11.041104 0.051833
11.056106 0.051840
11.071107 0.051847
11.086109 0.051854
11.101110 0.051861
11.116112 0.051868
11.131113 0.051875
11.146115 0.051882
11.161116 0.051889
11.176118 0.051896
11.191119 0.051902
11.206121 0.051909
11.221122 0.051916
11.236124 0.051922
11.251125 0.051929
11.266127 0.051935
11.281128 0.051941
11.296130 0.051948
11.311131 0.051954
11.326133 0.051960
11.341134 0.051966
11.356136 0.051972
11.371137 0.051978
11.386139 0.051984
11.401140 0.051990
11.416142 0.051996
11.431143 0.052002
11.446145 0.052007
11.461146 0.052013
11.476148 0.052019
11.491149 0.052024
11.506151 0.052030
11.521152 0.052035
11.536154 0.052041
11.551155 0.052046
11.566157 0.052052
11.581158 0.052057
11.596160 0.052062
11.611161 0.052067
11.626163 0.052072
11.641164 0.052077
11.656166 0.052083
11.671167 0.052088
11.686169 0.052092
11.701170 0.052097
11.716172 0.052102
11.731173 0.052107
11.746175 0.052112
11.761176 0.052117
11.776178 0.052121
11.791179 0.052126
11.806181 0.052131
11.821182 0.052135
11.836184 0.052140
11.851185 0.052144
11.866187 0.052148
11.881188 0.052153
11.896190 0.052157
11.911191 0.052162
11.926193 0.052166
11.941194 0.052170
11.956196 0.052174
11.971197 0.052178
11.986199 0.052183
12.001200 0.052187
12.016202 0.052191
12.031203 0.052195
12.046205 0.052199
12.061206 0.052203
12.076208 0.052206
12.091209 0.052210
12.106211 0.052214
12.121212 0.052218
12.136214 0.052222
12.151215 0.052225
12.166217 0.052229
12.181218 0.052233
12.196220 0.052236
12.211221 0.052240
12.226223 0.052243
12.241224 0.052247
12.256226 0.052250
12.271227 0.052254
12.286229 0.052257
12.301230 0.052261
12.316232 0.052264
12.331233 0.052267
12.346235 0.052270
12.361236 0.052274
12.376238 0.052277
12.391239 0.052280
12.406241 0.052283
12.421242 0.052286
12.436244 0.052290
12.451245 0.052293
12.466247 0.052296
12.481248 0.052299
12.496250 0.052302
12.511251 0.052305
12.526253 0.052307
12.541254 0.052310
12.556256 0.052313
12.571257 0.052316
12.586259 0.052319
12.601260 0.052322
12.616262 0.052324
12.631263 0.052327
12.646265 0.052330
12.661266 0.052333
12.676268 0.052335
12.691269 0.052338
12.706271 0.052340
12.721272 0.052343
12.736274 0.052346
12.751275 0.052348
12.766277 0.052351
12.781278 0.052353
12.796280 0.052356
12.811281 0.052358
12.826283 0.052360
12.841284 0.052363
12.856286 0.052365
12.871287 0.052368
12.886289 0.052370
12.901290 0.052372
12.916292 0.052374
12.931293 0.052377
12.946295 0.052379
12.961296 0.052381
12.976298 0.052383
12.991299 0.052386
13.006301 0.052388
13.021302 0.052390
13.036304 0.052392
13.051305 0.052394
13.066307 0.052396
13.081308 0.052398
13.096310 0.052400
13.111311 0.052402
13.126313 0.052404
13.141314 0.052406
13.156316 0.052408
13.171317 0.052410
13.186319 0.052412
13.201320 0.052414
13.216322 0.052416
13.231323 0.052418
13.246325 0.052419
13.261326 0.052421
13.276328 0.052423
13.291329 0.052425
13.306331 0.052427
13.321332 0.052428
13.336334 0.052430
13.351335 0.052432
13.366337 0.052434
13.381338 0.052435
13.396340 0.052437
13.411341 0.052439
13.426343 0.052440
13.441344 0.052442
13.456346 0.052443
13.471347 0.052445
13.486349 0.052447
13.501350 0.052448
13.516352 0.052450
13.531353 0.052451
13.546355 0.052453
13.561356 0.052454
13.576358 0.052456
13.591359 0.052457
13.606361 0.052459
13.621362 0.052460
13.636364 0.052462
13.651365 0.052463
13.666367 0.052464
13.681368 0.052466
13.696370 0.052467
13.711371 0.052468
13.726373 0.052470
13.741374 0.052471
13.756376 0.052472
13.771377 0.052474
13.786379 0.052475
13.801380 0.052476
13.816382 0.052478
13.831383 0.052479
13.846385 0.052480
13.861386 0.052481
13.876388 0.052483
13.891389 0.052484
13.906391 0.052485
13.921392 0.052486
13.936394 0.052487
13.951395 0.052489
13.966397 0.052490
13.981398 0.052491
13.996400 0.052492
14.011401 0.052493
14.026403 0.052494
14.041404 0.052495
14.056406 0.052496
14.071407 0.052497
14.086409 0.052498
14.101410 0.052500
14.116412 0.052501
14.131413 0.052502
14.146415 0.052503
14.161416 0.052504
14.176418 0.052505
14.191419 0.052506
14.206421 0.052507
14.221422 0.052508
14.236424 0.052509
14.251425 0.052510
14.266427 0.052510
14.281428 0.052511
14.296430 0.052512
14.311431 0.052513
14.326433 0.052514
14.341434 0.052515
14.356436 0.052516
14.371437 0.052517
14.386439 0.052518
14.401440 0.052519
14.416442 0.052519
14.431443 0.052520
14.446445 0.052521
14.461446 0.052522
14.476448 0.052523
14.491449 0.052524
14.506451 0.052524
14.521452 0.052525
14.536454 0.052526
14.551455 0.052527
14.566457 0.052528
14.581458 0.052528
14.596460 0.052529
14.611461 0.052530
14.626463 0.052531
14.641464 0.052531
14.656466 0.052532
14.671467 0.052533
14.686469 0.052534
14.701470 0.052534
14.716472 0.052535
14.731473 0.052536
14.746475 0.052536
14.761476 0.052537
14.776478 0.052538
14.791479 0.052538
14.806481 0.052539
14.821482 0.052540
14.836484 0.052540
14.851485 0.052541
14.866487 0.052542
14.881488 0.052542
14.896490 0.052543
14.911491 0.052544
14.926493 0.052544
14.941494 0.052545
14.956496 0.052545
14.971497 0.052546
14.986499 0.052547
15.001500 0.052547
15.016502 0.052548
15.031503 0.052548
15.046505 0.052549
15.061506 0.052549
15.076508 0.052550
15.091509 0.052551
15.106511 0.052551
15.121512 0.052552
15.136514 0.052552
15.151515 0.052553
15.166517 0.052553
15.181518 0.052554
15.196520 0.052554
15.211521 0.052555
15.226523 0.052555
15.241524 0.052556
15.256526 0.052556
15.271527 0.052557
15.286529 0.052557
15.301530 0.052558
15.316532 0.052558
15.331533 0.052559
15.346535 0.052559
15.361536 0.052560
15.376538 0.052560
15.391539 0.052561
15.406541 0.052561
15.421542 0.052562
15.436544 0.052562
15.451545 0.052562
15.466547 0.052563
15.481548 0.052563
15.496550 0.052564
15.511551 0.052564
15.526553 0.052565
15.541554 0.052565
15.556556 0.052565
15.571557 0.052566
15.586559 0.052566
15.601560 0.052567
15.616562 0.052567
15.631563 0.052567
15.646565 0.052568
15.661566 0.052568
15.676568 0.052569
15.691569 0.052569
15.706571 0.052569
15.721572 0.052570
15.736574 0.052570
15.751575 0.052571
15.766577 0.052571
15.781578 0.052571
15.796580 0.052572
15.811581 0.052572
15.826583 0.052572
15.841584 0.052573
15.856586 0.052573
15.871587 0.052573
15.886589 0.052574
15.901590 0.052574
15.916592 0.052574
15.931593 0.052575
15.946595 0.052575
15.961596 0.052575
15.976598 0.052576
15.991599 0.052576
16.006601 0.052576
16.021602 0.052577
16.036604 0.052577
16.051605 0.052577
16.066607 0.052578
16.081608 0.052578
16.096610 0.052578
16.111611 0.052578
16.126613 0.052579
16.141614 0.052579
16.156616 0.052579
16.171617 0.052580
16.186619 0.052580
16.201620 0.052580
16.216622 0.052580
16.231623 0.052581
16.246625 0.052581
16.261626 0.052581
16.276628 0.052582
16.291629 0.052582
16.306631 0.052582
16.321632 0.052582
16.336634 0.052583
16.351635 0.052583
16.366637 0.052583
16.381638 0.052583
16.396640 0.052584
16.411641 0.052584
16.426643 0.052584
16.441644 0.052584
16.456646 0.052585
16.471647 0.052585
16.486649 0.052585
16.501650 0.052585
16.516652 0.052586
16.531653 0.052586
16.546655 0.052586
16.561656 0.052586
16.576658 0.052586
16.591659 0.052587
16.606661 0.052587
16.621662 0.052587
16.636664 0.052587
16.651665 0.052588
16.666667 0.052588
16.681668 0.052588
16.696670 0.052588
16.711671 0.052588
16.726673 0.052589
16.741674 0.052589
16.756676 0.052589
16.771677 0.052589
16.786679 0.052589
16.801680 0.052590
16.816682 0.052590
16.831683 0.052590
16.846685 0.052590
16.861686 0.052590
16.876688 0.052591
16.891689 0.052591
16.906691 0.052591
16.921692 0.052591
16.936694 0.052591
16.951695 0.052592
16.966697 0.052592
16.981698 0.052592
16.996700 0.052592
17.011701 0.052592
17.026703 0.052592
17.041704 0.052593
17.056706 0.052593
17.071707 0.052593
17.086709 0.052593
17.101710 0.052593
17.116712 0.052594
17.131713 0.052594
17.146715 0.052594
17.161716 0.052594
17.176718 0.052594
17.191719 0.052594
17.206721 0.052594
17.221722 0.052595
17.236724 0.052595
17.251725 0.052595
17.266727 0.052595
17.281728 0.052595
17.296730 0.052595
17.311731 0.052596
17.326733 0.052596
17.341734 0.052596
17.356736 0.052596
17.371737 0.052596
17.386739 0.052596
17.401740 0.052597
17.416742 0.052597
17.431743 0.052597
17.446745 0.052597
17.461746 0.052597
17.476748 0.052597
17.491749 0.052597
17.506751 0.052598
17.521752 0.052598
17.536754 0.052598
17.551755 0.052598
17.566757 0.052598
17.581758 0.052598
17.596760 0.052598
17.611761 0.052598
17.626763 0.052599
17.641764 0.052599
17.656766 0.052599
17.671767 0.052599
17.686769 0.052599
17.701770 0.052599
17.716772 0.052599
17.731773 0.052600
17.746775 0.052600
17.761776 0.052600
17.776778 0.052600
17.791779 0.052600
17.806781 0.052600
17.821782 0.052600
17.836784 0.052600
17.851785 0.052601
17.866787 0.052601
17.881788 0.052601
17.896790 0.052601
17.911791 0.052601
17.926793 0.052601
17.941794 0.052601
17.956796 0.052601
17.971797 0.052601
17.986799 0.052602
18.001800 0.052602
18.016802 0.052602
18.031803 0.052602
18.046805 0.052602
18.061806 0.052602
18.076808 0.052602
18.091809 0.052602
18.106811 0.052602
18.121812 0.052603
18.136814 0.052603
18.151815 0.052603
18.166817 0.052603
18.181818 0.052603
18.196820 0.052603
18.211821 0.052603
18.226823 0.052603
18.241824 0.052603
18.256826 0.052604
18.271827 0.052604
18.286829 0.052604
18.301830 0.052604
18.316832 0.052604
18.331833 0.052604
18.346835 0.052604
18.361836 0.052604
18.376838 0.052604
18.391839 0.052604
18.406841 0.052604
18.421842 0.052605
18.436844 0.052605
18.451845 0.052605
18.466847 0.052605
18.481848 0.052605
18.496850 0.052605
18.511851 0.052605
18.526853 0.052605
18.541854 0.052605
18.556856 0.052605
18.571857 0.052606
18.586859 0.052606
18.601860 0.052606
18.616862 0.052606
18.631863 0.052606
18.646865 0.052606
18.661866 0.052606
18.676868 0.052606
18.691869 0.052606
18.706871 0.052606
18.721872 0.052606
18.736874 0.052607
18.751875 0.052607
18.766877 0.052607
18.781878 0.052607
18.796880 0.052607
18.811881 0.052607
18.826883 0.052607
18.841884 0.052607
18.856886 0.052607
18.871887 0.052607
18.886889 0.052607
18.901890 0.052607
18.916892 0.052608
18.931893 0.052608
18.946895 0.052608
18.961896 0.052608
18.976898 0.052608
18.991899 0.052608
19.006901 0.052608
19.021902 0.052608
19.036904 0.052608
19.051905 0.052608
19.066907 0.052608
19.081908 0.052608
19.096910 0.052608
19.111911 0.052609
19.126913 0.052609
19.141914 0.052609
19.156916 0.052609
19.171917 0.052609
19.186919 0.052609
19.201920 0.052609
19.216922 0.052609
19.231923 0.052609
19.246925 0.052609
19.261926 0.052609
19.276928 0.052609
19.291929 0.052609
19.306931 0.052610
19.321932 0.052610
19.336934 0.052610
19.351935 0.052610
19.366937 0.052610
19.381938 0.052610
19.396940 0.052610
19.411941 0.052610
19.426943 0.052610
19.441944 0.052610
19.456946 0.052610
19.471947 0.052610
19.486949 0.052610
19.501950 0.052611
19.516952 0.052611
19.531953 0.052611
19.546955 0.052611
19.561956 0.052611
19.576958 0.052611
19.591959 0.052611
19.606961 0.052611
19.621962 0.052611
19.636964 0.052611
19.651965 0.052611
19.666967 0.052611
19.681968 0.052611
19.696970 0.052611
19.711971 0.052611
19.726973 0.052612
19.741974 0.052612
19.756976 0.052612
19.771977 0.052612
19.786979 0.052612
19.801980 0.052612
19.816982 0.052612
19.831983 0.052612
19.846985 0.052612
19.861986 0.052612
19.876988 0.052612
19.891989 0.052612
19.906991 0.052612
19.921992 0.052612
19.936994 0.052612
19.951995 0.052613
19.966997 0.052613
19.981998 0.052613
