0.075008 0.000126
0.090009 0.000160
0.105011 0.000194
0.120012 0.000228
0.135014 0.000264
0.150015 0.000300
0.165017 0.000337
0.180018 0.000374
0.195020 0.000412
0.210021 0.000451
0.225023 0.000490
0.240024 0.000530
0.255026 0.000571
0.270027 0.000612
0.285029 0.000654
0.300030 0.000697
0.315032 0.000740
0.330033 0.000784
0.345035 0.000828
0.360036 0.000873
0.375038 0.000919
0.390039 0.000965
0.405041 0.001012
0.420042 0.001060
0.435044 0.001108
0.450045 0.001156
0.465047 0.001206
0.480048 0.001255
0.495050 0.001306
0.510051 0.001357
0.525053 0.001408
0.540054 0.001460
0.555056 0.001513
0.570057 0.001566
0.585059 0.001620
0.600060 0.001674
0.615062 0.001729
0.630063 0.001784
0.645065 0.001840
0.660066 0.001896
0.675068 0.001953
0.690069 0.002011
0.705071 0.002068
0.720072 0.002127
0.735074 0.002186
0.750075 0.002245
0.765077 0.002305
0.780078 0.002365
0.795080 0.002426
0.810081 0.002487
0.825083 0.002549
0.840084 0.002611
0.855086 0.002674
0.870087 0.002737
0.885089 0.002800
0.900090 0.002864
0.915092 0.002929
0.930093 0.002994
0.945095 0.003059
0.960096 0.003125
0.975098 0.003191
0.990099 0.003258
1.005101 0.003325
1.020102 0.003392
1.035104 0.003460
1.050105 0.003528
1.065107 0.003597
1.080108 0.003666
1.095110 0.003735
1.110111 0.003805
1.125113 0.003876
1.140114 0.003946
1.155116 0.004017
1.170117 0.004089
1.185119 0.004161
1.200120 0.004233
1.215122 0.004305
1.230123 0.004378
1.245125 0.004452
1.260126 0.004525
1.275128 0.004599
1.290129 0.004674
1.305131 0.004749
1.320132 0.004824
1.335134 0.004899
1.350135 0.004975
1.365137 0.005051
1.380138 0.005128
1.395140 0.005205
1.410141 0.005282
1.425143 0.005359
1.440144 0.005437
1.455146 0.005516
1.470147 0.005594
1.485149 0.005673
1.500150 0.005752
1.515152 0.005832
1.530153 0.005912
1.545155 0.005992
1.560156 0.006073
1.575158 0.006154
1.590159 0.006235
1.605161 0.006316
1.620162 0.006398
1.635164 0.006480
1.650165 0.006563
1.665167 0.006645
1.680168 0.006728
1.695170 0.006812
1.710171 0.006895
1.725173 0.006979
1.740174 0.007064
1.755176 0.007148
1.770177 0.007233
1.785179 0.007318
1.800180 0.007404
1.815182 0.007490
1.830183 0.007576
1.845185 0.007662
1.860186 0.007749
1.875188 0.007836
1.890189 0.007923
1.905191 0.008010
1.920192 0.008098
1.935194 0.008186
1.950195 0.008274
1.965197 0.008363
1.980198 0.008452
1.995200 0.008541
2.010201 0.008631
2.025203 0.008720
2.040204 0.008810
2.055206 0.008900
2.070207 0.008991
2.085209 0.009082
2.100210 0.009173
2.115212 0.009264
2.130213 0.009356
2.145215 0.009448
2.160216 0.009540
2.175218 0.009632
2.190219 0.009725
2.205221 0.009818
2.220222 0.009911
2.235224 0.010004
2.250225 0.010098
2.265227 0.010192
2.280228 0.010286
2.295230 0.010380
2.310231 0.010475
2.325233 0.010570
2.340234 0.010665
2.355236 0.010761
2.370237 0.010856
2.385239 0.010952
2.400240 0.011048
2.415242 0.011145
2.430243 0.011241
2.445245 0.011338
2.460246 0.011435
2.475248 0.011533
2.490249 0.011630
2.505251 0.011728
2.520252 0.011826
2.535254 0.011925
2.550255 0.012023
2.565257 0.012122
2.580258 0.012221
2.595260 0.012320
2.610261 0.012420
2.625263 0.012519
2.640264 0.012619
2.655266 0.012719
2.670267 0.012819
2.685269 0.012920
2.700270 0.013021
2.715272 0.013122
2.730273 0.013223
2.745275 0.013324
2.760276 0.013426
2.775278 0.013528
2.790279 0.013630
2.805281 0.013732
2.820282 0.013835
2.835284 0.013937
2.850285 0.014040
2.865287 0.014143
2.880288 0.014246
2.895290 0.014350
2.910291 0.014453
2.925293 0.014557
2.940294 0.014661
2.955296 0.014765
2.970297 0.014870
2.985299 0.014974
3.000300 0.015079
3.015302 0.015184
3.030303 0.015289
3.045305 0.015394
3.060306 0.015499
3.075308 0.015605
3.090309 0.015711
3.105311 0.015816
3.120312 0.015922
3.135314 0.016029
3.150315 0.016135
3.165317 0.016241
3.180318 0.016348
3.195320 0.016454
3.210321 0.016561
3.225323 0.016668
3.240324 0.016775
3.255326 0.016883
3.270327 0.016990
3.285329 0.017097
3.300330 0.017205
3.315332 0.017312
3.330333 0.017420
3.345335 0.017528
3.360336 0.017636
3.375338 0.017744
3.390339 0.017852
3.405341 0.017960
3.420342 0.018069
3.435344 0.018177
3.450345 0.018285
3.465347 0.018394
3.480348 0.018503
3.495350 0.018611
3.510351 0.018720
3.525353 0.018829
3.540354 0.018938
3.555356 0.019047
3.570357 0.019156
3.585359 0.019265
3.600360 0.019374
3.615362 0.019484
3.630363 0.019593
3.645365 0.019702
3.660366 0.019812
3.675368 0.019921
3.690369 0.020031
3.705371 0.020141
3.720372 0.020251
3.735374 0.020361
3.750375 0.020471
3.765377 0.020581
3.780378 0.020691
3.795380 0.020801
3.810381 0.020912
3.825383 0.021022
3.840384 0.021133
3.855386 0.021243
3.870387 0.021354
3.885389 0.021465
3.900390 0.021576
3.915392 0.021687
3.930393 0.021798
3.945395 0.021909
3.960396 0.022021
3.975398 0.022132
3.990399 0.022244
4.005401 0.022355
4.020402 0.022467
4.035404 0.022579
4.050405 0.022691
4.065407 0.022804
4.080408 0.022916
4.095410 0.023029
4.110411 0.023141
4.125413 0.023254
4.140414 0.023367
4.155416 0.023480
4.170417 0.023593
4.185419 0.023706
4.200420 0.023820
4.215422 0.023934
4.230423 0.024047
4.245425 0.024161
4.260426 0.024275
4.275428 0.024389
4.290429 0.024504
4.305431 0.024618
4.320432 0.024733
4.335434 0.024848
4.350435 0.024963
4.365437 0.025078
4.380438 0.025193
4.395440 0.025308
4.410441 0.025424
4.425443 0.025539
4.440444 0.025655
4.455446 0.025771
4.470447 0.025887
4.485449 0.026004
4.500450 0.026120
4.515452 0.026237
4.530453 0.026354
4.545455 0.026471
4.560456 0.026588
4.575458 0.026705
4.590459 0.026822
4.605461 0.026940
4.620462 0.027058
4.635464 0.027175
4.650465 0.027294
4.665467 0.027412
4.680468 0.027530
4.695470 0.027649
4.710471 0.027767
4.725473 0.027886
4.740474 0.028005
4.755476 0.028124
4.770477 0.028243
4.785479 0.028363
4.800480 0.028482
4.815482 0.028602
4.830483 0.028722
4.845485 0.028842
4.860486 0.028962
4.875488 0.029083
4.890489 0.029203
4.905491 0.029324
4.920492 0.029445
4.935494 0.029566
4.950495 0.029687
4.965497 0.029808
4.980498 0.029930
4.995500 0.030051
5.010501 0.030173
5.025503 0.030295
5.040504 0.030417
5.055506 0.030540
5.070507 0.030662
5.085509 0.030784
5.100510 0.030907
5.115512 0.031030
5.130513 0.031153
5.145515 0.031276
5.160516 0.031399
5.175518 0.031523
5.190519 0.031646
5.205521 0.031770
5.220522 0.031894
5.235524 0.032018
5.250525 0.032142
5.265527 0.032266
5.280528 0.032390
5.295530 0.032514
5.310531 0.032639
5.325533 0.032763
5.340534 0.032888
5.355536 0.033013
5.370537 0.033137
5.385539 0.033262
5.400540 0.033387
5.415542 0.033512
5.430543 0.033636
5.445545 0.033761
5.460546 0.033886
5.475548 0.034011
5.490549 0.034135
5.505551 0.034260
5.520552 0.034384
5.535554 0.034509
5.550555 0.034633
5.565557 0.034757
5.580558 0.034881
5.595560 0.035005
5.610561 0.035129
5.625563 0.035252
5.640564 0.035376
5.655566 0.035499
5.670567 0.035622
5.685569 0.035744
5.700570 0.035866
5.715572 0.035988
5.730573 0.036110
5.745575 0.036231
5.760576 0.036352
5.775578 0.036473
5.790579 0.036593
5.805581 0.036713
5.820582 0.036832
5.835584 0.036951
5.850585 0.037070
5.865587 0.037188
5.880588 0.037305
5.895590 0.037422
5.910591 0.037539
5.925593 0.037655
5.940594 0.037771
5.955596 0.037886
5.970597 0.038000
5.985599 0.038114
6.000600 0.038228
6.015602 0.038340
6.030603 0.038453
6.045605 0.038564
6.060606 0.038675
6.075608 0.038785
6.090609 0.038895
6.105611 0.039004
6.120612 0.039113
6.135614 0.039221
6.150615 0.039328
6.165617 0.039434
6.180618 0.039540
6.195620 0.039645
6.210621 0.039750
6.225623 0.039854
6.240624 0.039957
6.255626 0.040059
6.270627 0.040161
6.285629 0.040262
6.300630 0.040363
6.315632 0.040462
6.330633 0.040562
6.345635 0.040660
6.360636 0.040758
6.375638 0.040854
6.390639 0.040951
6.405641 0.041046
6.420642 0.041141
6.435644 0.041235
6.450645 0.041329
6.465647 0.041422
6.480648 0.041514
6.495650 0.041605
6.510651 0.041696
6.525653 0.041786
6.540654 0.041875
6.555656 0.041964
6.570657 0.042052
6.585659 0.042139
6.600660 0.042226
6.615662 0.042311
6.630663 0.042397
6.645665 0.042481
6.660666 0.042565
6.675668 0.042648
6.690669 0.042731
6.705671 0.042813
6.720672 0.042894
6.735674 0.042975
6.750675 0.043055
6.765677 0.043134
6.780678 0.043213
6.795680 0.043291
6.810681 0.043368
6.825683 0.043445
6.840684 0.043521
6.855686 0.043596
6.870687 0.043671
6.885689 0.043745
6.900690 0.043819
6.915692 0.043892
6.930693 0.043965
6.945695 0.044037
6.960696 0.044108
6.975698 0.044178
6.990699 0.044249
7.005701 0.044318
7.020702 0.044387
7.035704 0.044455
7.050705 0.044523
7.065707 0.044590
7.080708 0.044657
7.095710 0.044723
7.110711 0.044789
7.125713 0.044854
7.140714 0.044918
7.155716 0.044982
7.170717 0.045046
7.185719 0.045108
7.200720 0.045171
7.215722 0.045233
7.230723 0.045294
7.245725 0.045355
7.260726 0.045415
7.275728 0.045475
7.290729 0.045534
7.305731 0.045593
7.320732 0.045651
7.335734 0.045709
7.350735 0.045767
7.365737 0.045823
7.380738 0.045880
7.395740 0.045936
7.410741 0.045991
7.425743 0.046046
7.440744 0.046101
7.455746 0.046155
7.470747 0.046208
7.485749 0.046262
7.500750 0.046314
7.515752 0.046367
7.530753 0.046419
7.545755 0.046470
7.560756 0.046521
7.575758 0.046572
7.590759 0.046622
7.605761 0.046672
7.620762 0.046721
7.635764 0.046770
7.650765 0.046818
7.665767 0.046866
7.680768 0.046914
7.695770 0.046962
7.710771 0.047008
7.725773 0.047055
7.740774 0.047101
7.755776 0.047147
7.770777 0.047192
7.785779 0.047237
7.800780 0.047282
7.815782 0.047326
7.830783 0.047370
7.845785 0.047414
7.860786 0.047457
7.875788 0.047500
7.890789 0.047542
7.905791 0.047585
7.920792 0.047626
7.935794 0.047668
7.950795 0.047709
7.965797 0.047750
7.980798 0.047790
7.995800 0.047830
8.010801 0.047870
8.025803 0.047910
8.040804 0.047949
8.055806 0.047988
8.070807 0.048026
8.085809 0.048064
8.100810 0.048102
8.115812 0.048140
8.130813 0.048177
8.145815 0.048214
8.160816 0.048251
8.175818 0.048287
8.190819 0.048323
8.205821 0.048359
8.220822 0.048394
8.235824 0.048429
8.250825 0.048464
8.265827 0.048499
8.280828 0.048533
8.295830 0.048567
8.310831 0.048601
8.325833 0.048634
8.340834 0.048668
8.355836 0.048701
8.370837 0.048733
8.385839 0.048766
8.400840 0.048798
8.415842 0.048830
8.430843 0.048861
8.445845 0.048893
8.460846 0.048924
8.475848 0.048955
8.490849 0.048985
8.505851 0.049016
8.520852 0.049046
8.535854 0.049076
8.550855 0.049105
8.565857 0.049134
8.580858 0.049164
8.595860 0.049193
8.610861 0.049221
8.625863 0.049250
8.640864 0.049278
8.655866 0.049306
8.670867 0.049334
8.685869 0.049361
8.700870 0.049388
8.715872 0.049415
8.730873 0.049442
8.745875 0.049469
8.760876 0.049495
8.775878 0.049522
8.790879 0.049548
8.805881 0.049573
8.820882 0.049599
8.835884 0.049624
8.850885 0.049649
8.865887 0.049674
8.880888 0.049699
8.895890 0.049724
8.910891 0.049748
8.925893 0.049772
8.940894 0.049796
8.955896 0.049820
8.970897 0.049843
8.985899 0.049867
9.000900 0.049890
9.015902 0.049913
9.030903 0.049936
9.045905 0.049958
9.060906 0.049981
9.075908 0.050003
9.090909 0.050025
9.105911 0.050047
9.120912 0.050069
9.135914 0.050090
9.150915 0.050111
9.165917 0.050133
9.180918 0.050154
9.195920 0.050174
9.210921 0.050195
9.225923 0.050216
9.240924 0.050236
9.255926 0.050256
9.270927 0.050276
9.285929 0.050296
9.300930 0.050315
9.315932 0.050335
9.330933 0.050354
9.345935 0.050373
9.360936 0.050392
9.375938 0.050411
9.390939 0.050430
9.405941 0.050449
9.420942 0.050467
9.435944 0.050485
9.450945 0.050503
9.465947 0.050521
9.480948 0.050539
9.495950 0.050557
9.510951 0.050574
9.525953 0.050592
9.540954 0.050609
9.555956 0.050626
9.570957 0.050643
9.585959 0.050660
9.600960 0.050676
9.615962 0.050693
9.630963 0.050709
9.645965 0.050725
9.660966 0.050741
9.675968 0.050757
9.690969 0.050773
9.705971 0.050789
9.720972 0.050804
9.735974 0.050820
9.750975 0.050835
9.765977 0.050850
9.780978 0.050865
9.795980 0.050880
9.810981 0.050895
9.825983 0.050910
9.840984 0.050924
9.855986 0.050939
9.870987 0.050953
9.885989 0.050967
9.900990 0.050981
9.915992 0.050995
9.930993 0.051009
9.945995 0.051023
9.960996 0.051036
9.975998 0.051050
9.990999 0.051063
10.006001 0.051077
10.021002 0.051090
10.036004 0.051103
10.051005 0.051116
10.066007 0.051129
10.081008 0.051141
10.096010 0.051154
10.111011 0.051166
10.126013 0.051179
10.141014 0.051191
10.156016 0.051203
10.171017 0.051215
10.186019 0.051227
10.201020 0.051239
10.216022 0.051251
10.231023 0.051262
10.246025 0.051274
10.261026 0.051286
10.276028 0.051297
10.291029 0.051308
10.306031 0.051319
10.321032 0.051330
10.336034 0.051341
10.351035 0.051352
10.366037 0.051363
10.381038 0.051374
10.396040 0.051384
10.411041 0.051395
10.426043 0.051405
10.441044 0.051416
10.456046 0.051426
10.471047 0.051436
10.486049 0.051446
10.501050 0.051456
10.516052 0.051466
10.531053 0.051476
10.546055 0.051486
10.561056 0.051495
10.576058 0.051505
10.591059 0.051514
10.606061 0.051524
10.621062 0.051533
10.636064 0.051542
10.651065 0.051551
10.666067 0.051560
10.681068 0.051569
10.696070 0.051578
10.711071 0.051587
10.726073 0.051596
10.741074 0.051604
10.756076 0.051613
10.771077 0.051622
10.786079 0.051630
10.801080 0.051638
10.816082 0.051647
10.831083 0.051655
10.846085 0.051663
10.861086 0.051671
10.876088 0.051679
10.891089 0.051687
10.906091 0.051695
10.921092 0.051703
10.936094 0.051711
10.951095 0.051718
10.966097 0.051726
10.981098 0.051733
10.996100 0.051741
11.011101 0.051748
11.026103 0.051755
11.041104 0.051763
11.056106 0.051770
11.071107 0.051777
11.086109 0.051784
11.101110 0.051791
11.116112 0.051798
11.131113 0.051805
11.146115 0.051812
11.161116 0.051819
11.176118 0.051825
11.191119 0.051832
11.206121 0.051838
11.221122 0.051845
11.236124 0.051851
11.251125 0.051858
11.266127 0.051864
11.281128 0.051870
11.296130 0.051877
11.311131 0.051883
11.326133 0.051889
11.341134 0.051895
11.356136 0.051901
11.371137 0.051907
11.386139 0.051913
11.401140 0.051919
11.416142 0.051925
11.431143 0.051930
11.446145 0.051936
11.461146 0.051942
11.476148 0.051947
11.491149 0.051953
11.506151 0.051958
11.521152 0.051964
11.536154 0.051969
11.551155 0.051974
11.566157 0.051980
11.581158 0.051985
11.596160 0.051990
11.611161 0.051995
11.626163 0.052000
11.641164 0.052005
11.656166 0.052010
11.671167 0.052015
11.686169 0.052020
11.701170 0.052025
11.716172 0.052030
11.731173 0.052035
11.746175 0.052039
11.761176 0.052044
11.776178 0.052049
11.791179 0.052053
11.806181 0.052058
11.821182 0.052062
11.836184 0.052067
11.851185 0.052071
11.866187 0.052076
11.881188 0.052080
11.896190 0.052084
11.911191 0.052089
11.926193 0.052093
11.941194 0.052097
11.956196 0.052101
11.971197 0.052105
11.986199 0.052109
12.001200 0.052113
12.016202 0.052117
12.031203 0.052121
12.046205 0.052125
12.061206 0.052129
12.076208 0.052133
12.091209 0.052137
12.106211 0.052141
12.121212 0.052144
12.136214 0.052148
12.151215 0.052152
12.166217 0.052155
12.181218 0.052159
12.196220 0.052162
12.211221 0.052166
12.226223 0.052169
12.241224 0.052173
12.256226 0.052176
12.271227 0.052180
12.286229 0.052183
12.301230 0.052187
12.316232 0.052190
12.331233 0.052193
12.346235 0.052196
12.361236 0.052200
12.376238 0.052203
12.391239 0.052206
12.406241 0.052209
12.421242 0.052212
12.436244 0.052215
12.451245 0.052218
12.466247 0.052221
12.481248 0.052224
12.496250 0.052227
12.511251 0.052230
12.526253 0.052233
12.541254 0.052236
12.556256 0.052239
12.571257 0.052241
12.586259 0.052244
12.601260 0.052247
12.616262 0.052250
12.631263 0.052252
12.646265 0.052255
12.661266 0.052258
12.676268 0.052260
12.691269 0.052263
12.706271 0.052266
12.721272 0.052268
12.736274 0.052271
12.751275 0.052273
12.766277 0.052276
12.781278 0.052278
12.796280 0.052281
12.811281 0.052283
12.826283 0.052285
12.841284 0.052288
12.856286 0.052290
12.871287 0.052292
12.886289 0.052295
12.901290 0.052297
12.916292 0.052299
12.931293 0.052301
12.946295 0.052304
12.961296 0.052306
12.976298 0.052308
12.991299 0.052310
13.006301 0.052312
13.021302 0.052314
13.036304 0.052316
13.051305 0.052319
13.066307 0.052321
13.081308 0.052323
13.096310 0.052325
13.111311 0.052327
13.126313 0.052329
13.141314 0.052331
13.156316 0.052332
13.171317 0.052334
13.186319 0.052336
13.201320 0.052338
13.216322 0.052340
13.231323 0.052342
13.246325 0.052344
13.261326 0.052345
13.276328 0.052347
13.291329 0.052349
13.306331 0.052351
13.321332 0.052352
13.336334 0.052354
13.351335 0.052356
13.366337 0.052358
13.381338 0.052359
13.396340 0.052361
13.411341 0.052363
13.426343 0.052364
13.441344 0.052366
13.456346 0.052367
13.471347 0.052369
13.486349 0.052370
13.501350 0.052372
13.516352 0.052374
13.531353 0.052375
13.546355 0.052377
13.561356 0.052378
13.576358 0.052380
13.591359 0.052381
13.606361 0.052382
13.621362 0.052384
13.636364 0.052385
13.651365 0.052387
13.666367 0.052388
13.681368 0.052389
13.696370 0.052391
13.711371 0.052392
13.726373 0.052393
13.741374 0.052395
13.756376 0.052396
13.771377 0.052397
13.786379 0.052399
13.801380 0.052400
13.816382 0.052401
13.831383 0.052402
13.846385 0.052404
13.861386 0.052405
13.876388 0.052406
13.891389 0.052407
13.906391 0.052408
13.921392 0.052410
13.936394 0.052411
13.951395 0.052412
13.966397 0.052413
13.981398 0.052414
13.996400 0.052415
14.011401 0.052416
14.026403 0.052417
14.041404 0.052419
14.056406 0.052420
14.071407 0.052421
14.086409 0.052422
14.101410 0.052423
14.116412 0.052424
14.131413 0.052425
14.146415 0.052426
14.161416 0.052427
14.176418 0.052428
14.191419 0.052429
14.206421 0.052430
14.221422 0.052431
14.236424 0.052432
14.251425 0.052433
14.266427 0.052434
14.281428 0.052434
14.296430 0.052435
14.311431 0.052436
14.326433 0.052437
14.341434 0.052438
14.356436 0.052439
14.371437 0.052440
14.386439 0.052441
14.401440 0.052442
14.416442 0.052442
14.431443 0.052443
14.446445 0.052444
14.461446 0.052445
14.476448 0.052446
14.491449 0.052447
14.506451 0.052447
14.521452 0.052448
14.536454 0.052449
14.551455 0.052450
14.566457 0.052450
14.581458 0.052451
14.596460 0.052452
14.611461 0.052453
14.626463 0.052453
14.641464 0.052454
14.656466 0.052455
14.671467 0.052456
14.686469 0.052456
14.701470 0.052457
14.716472 0.052458
14.731473 0.052458
14.746475 0.052459
14.761476 0.052460
14.776478 0.052460
14.791479 0.052461
14.806481 0.052462
14.821482 0.052462
14.836484 0.052463
14.851485 0.052464
14.866487 0.052464
14.881488 0.052465
14.896490 0.052466
14.911491 0.052466
14.926493 0.052467
14.941494 0.052467
14.956496 0.052468
14.971497 0.052469
14.986499 0.052469
15.001500 0.052470
15.016502 0.052470
15.031503 0.052471
15.046505 0.052472
15.061506 0.052472
15.076508 0.052473
15.091509 0.052473
15.106511 0.052474
15.121512 0.052474
15.136514 0.052475
15.151515 0.052475
15.166517 0.052476
15.181518 0.052476
15.196520 0.052477
15.211521 0.052477
15.226523 0.052478
15.241524 0.052478
15.256526 0.052479
15.271527 0.052479
15.286529 0.052480
15.301530 0.052480
15.316532 0.052481
15.331533 0.052481
15.346535 0.052482
15.361536 0.052482
15.376538 0.052483
15.391539 0.052483
15.406541 0.052484
15.421542 0.052484
15.436544 0.052484
15.451545 0.052485
15.466547 0.052485
15.481548 0.052486
15.496550 0.052486
15.511551 0.052487
15.526553 0.052487
15.541554 0.052487
15.556556 0.052488
15.571557 0.052488
15.586559 0.052489
15.601560 0.052489
15.616562 0.052489
15.631563 0.052490
15.646565 0.052490
15.661566 0.052491
15.676568 0.052491
15.691569 0.052491
15.706571 0.052492
15.721572 0.052492
15.736574 0.052492
15.751575 0.052493
15.766577 0.052493
15.781578 0.052494
15.796580 0.052494
15.811581 0.052494
15.826583 0.052495
15.841584 0.052495
15.856586 0.052495
15.871587 0.052496
15.886589 0.052496
15.901590 0.052496
15.916592 0.052497
15.931593 0.052497
15.946595 0.052497
15.961596 0.052498
15.976598 0.052498
15.991599 0.052498
16.006601 0.052499
16.021602 0.052499
16.036604 0.052499
16.051605 0.052499
16.066607 0.052500
16.081608 0.052500
16.096610 0.052500
16.111611 0.052501
16.126613 0.052501
16.141614 0.052501
16.156616 0.052501
16.171617 0.052502
16.186619 0.052502
16.201620 0.052502
16.216622 0.052503
16.231623 0.052503
16.246625 0.052503
16.261626 0.052503
16.276628 0.052504
16.291629 0.052504
16.306631 0.052504
16.321632 0.052504
16.336634 0.052505
16.351635 0.052505
16.366637 0.052505
16.381638 0.052505
16.396640 0.052506
16.411641 0.052506
16.426643 0.052506
16.441644 0.052506
16.456646 0.052507
16.471647 0.052507
16.486649 0.052507
16.501650 0.052507
16.516652 0.052508
16.531653 0.052508
16.546655 0.052508
16.561656 0.052508
16.576658 0.052509
16.591659 0.052509
16.606661 0.052509
16.621662 0.052509
16.636664 0.052509
16.651665 0.052510
16.666667 0.052510
16.681668 0.052510
16.696670 0.052510
16.711671 0.052510
16.726673 0.052511
16.741674 0.052511
16.756676 0.052511
16.771677 0.052511
16.786679 0.052511
16.801680 0.052512
16.816682 0.052512
16.831683 0.052512
16.846685 0.052512
16.861686 0.052512
16.876688 0.052513
16.891689 0.052513
16.906691 0.052513
16.921692 0.052513
16.936694 0.052513
16.951695 0.052514
16.966697 0.052514
16.981698 0.052514
16.996700 0.052514
17.011701 0.052514
17.026703 0.052514
17.041704 0.052515
17.056706 0.052515
17.071707 0.052515
17.086709 0.052515
17.101710 0.052515
17.116712 0.052515
17.131713 0.052516
17.146715 0.052516
17.161716 0.052516
17.176718 0.052516
17.191719 0.052516
17.206721 0.052516
17.221722 0.052517
17.236724 0.052517
17.251725 0.052517
17.266727 0.052517
17.281728 0.052517
17.296730 0.052517
17.311731 0.052518
17.326733 0.052518
17.341734 0.052518
17.356736 0.052518
17.371737 0.052518
17.386739 0.052518
17.401740 0.052518
17.416742 0.052519
17.431743 0.052519
17.446745 0.052519
17.461746 0.052519
17.476748 0.052519
17.491749 0.052519
17.506751 0.052519
17.521752 0.052520
17.536754 0.052520
17.551755 0.052520
17.566757 0.052520
17.581758 0.052520
17.596760 0.052520
17.611761 0.052520
17.626763 0.052521
17.641764 0.052521
17.656766 0.052521
17.671767 0.052521
17.686769 0.052521
17.701770 0.052521
17.716772 0.052521
17.731773 0.052521
17.746775 0.052522
17.761776 0.052522
17.776778 0.052522
17.791779 0.052522
17.806781 0.052522
17.821782 0.052522
17.836784 0.052522
17.851785 0.052522
17.866787 0.052523
17.881788 0.052523
17.896790 0.052523
17.911791 0.052523
17.926793 0.052523
17.941794 0.052523
17.956796 0.052523
17.971797 0.052523
17.986799 0.052523
18.001800 0.052524
18.016802 0.052524
18.031803 0.052524
18.046805 0.052524
18.061806 0.052524
18.076808 0.052524
18.091809 0.052524
18.106811 0.052524
18.121812 0.052524
18.136814 0.052525
18.151815 0.052525
18.166817 0.052525
18.181818 0.052525
18.196820 0.052525
18.211821 0.052525
18.226823 0.052525
18.241824 0.052525
18.256826 0.052525
18.271827 0.052525
18.286829 0.052526
18.301830 0.052526
18.316832 0.052526
18.331833 0.052526
18.346835 0.052526
18.361836 0.052526
18.376838 0.052526
18.391839 0.052526
18.406841 0.052526
18.421842 0.052526
18.436844 0.052527
18.451845 0.052527
18.466847 0.052527
18.481848 0.052527
18.496850 0.052527
18.511851 0.052527
18.526853 0.052527
18.541854 0.052527
18.556856 0.052527
18.571857 0.052527
18.586859 0.052527
18.601860 0.052528
18.616862 0.052528
18.631863 0.052528
18.646865 0.052528
18.661866 0.052528
18.676868 0.052528
18.691869 0.052528
18.706871 0.052528
18.721872 0.052528
18.736874 0.052528
18.751875 0.052528
18.766877 0.052529
18.781878 0.052529
18.796880 0.052529
18.811881 0.052529
18.826883 0.052529
18.841884 0.052529
18.856886 0.052529
18.871887 0.052529
18.886889 0.052529
18.901890 0.052529
18.916892 0.052529
18.931893 0.052529
18.946895 0.052530
18.961896 0.052530
18.976898 0.052530
18.991899 0.052530
19.006901 0.052530
19.021902 0.052530
19.036904 0.052530
19.051905 0.052530
19.066907 0.052530
19.081908 0.052530
19.096910 0.052530
19.111911 0.052530
19.126913 0.052530
19.141914 0.052531
19.156916 0.052531
19.171917 0.052531
19.186919 0.052531
19.201920 0.052531
19.216922 0.052531
19.231923 0.052531
19.246925 0.052531
19.261926 0.052531
19.276928 0.052531
19.291929 0.052531
19.306931 0.052531
19.321932 0.052531
19.336934 0.052532
19.351935 0.052532
19.366937 0.052532
19.381938 0.052532
19.396940 0.052532
19.411941 0.052532
19.426943 0.052532
19.441944 0.052532
19.456946 0.052532
19.471947 0.052532
19.486949 0.052532
19.501950 0.052532
19.516952 0.052532
19.531953 0.052532
19.546955 0.052533
19.561956 0.052533
19.576958 0.052533
19.591959 0.052533
19.606961 0.052533
19.621962 0.052533
19.636964 0.052533
19.651965 0.052533
19.666967 0.052533
19.681968 0.052533
19.696970 0.052533
19.711971 0.052533
19.726973 0.052533
19.741974 0.052533
19.756976 0.052533
19.771977 0.052534
19.786979 0.052534
19.801980 0.052534
19.816982 0.052534
19.831983 0.052534
19.846985 0.052534
19.861986 0.052534
19.876988 0.052534
19.891989 0.052534
19.906991 0.052534
19.921992 0.052534
19.936994 0.052534
19.951995 0.052534
19.966997 0.052534
19.981998 0.052534
