0.075008 0.000126
0.090009 0.000160
0.105011 0.000194
0.120012 0.000228
0.135014 0.000264
0.150015 0.000300
0.165017 0.000336
0.180018 0.000374
0.195020 0.000412
0.210021 0.000451
0.225023 0.000490
0.240024 0.000530
0.255026 0.000571
0.270027 0.000612
0.285029 0.000654
0.300030 0.000696
0.315032 0.000740
0.330033 0.000783
0.345035 0.000828
0.360036 0.000873
0.375038 0.000919
0.390039 0.000965
0.405041 0.001012
0.420042 0.001059
0.435044 0.001107
0.450045 0.001156
0.465047 0.001205
0.480048 0.001255
0.495050 0.001306
0.510051 0.001356
0.525053 0.001408
0.540054 0.001460
0.555056 0.001513
0.570057 0.001566
0.585059 0.001620
0.600060 0.001674
0.615062 0.001729
0.630063 0.001784
0.645065 0.001840
0.660066 0.001896
0.675068 0.001953
0.690069 0.002010
0.705071 0.002068
0.720072 0.002127
0.735074 0.002186
0.750075 0.002245
0.765077 0.002305
0.780078 0.002365
0.795080 0.002426
0.810081 0.002487
0.825083 0.002549
0.840084 0.002611
0.855086 0.002674
0.870087 0.002737
0.885089 0.002800
0.900090 0.002865
0.915092 0.002929
0.930093 0.002994
0.945095 0.003059
0.960096 0.003125
0.975098 0.003191
0.990099 0.003258
1.005101 0.003325
1.020102 0.003392
1.035104 0.003460
1.050105 0.003529
1.065107 0.003597
1.080108 0.003666
1.095110 0.003736
1.110111 0.003806
1.125113 0.003876
1.140114 0.003947
1.155116 0.004018
1.170117 0.004089
1.185119 0.004161
1.200120 0.004233
1.215122 0.004306
1.230123 0.004379
1.245125 0.004452
1.260126 0.004526
1.275128 0.004600
1.290129 0.004675
1.305131 0.004749
1.320132 0.004825
1.335134 0.004900
1.350135 0.004976
1.365137 0.005052
1.380138 0.005129
1.395140 0.005206
1.410141 0.005283
1.425143 0.005361
1.440144 0.005439
1.455146 0.005517
1.470147 0.005596
1.485149 0.005674
1.500150 0.005754
1.515152 0.005833
1.530153 0.005913
1.545155 0.005994
1.560156 0.006074
1.575158 0.006155
1.590159 0.006236
1.605161 0.006318
1.620162 0.006400
1.635164 0.006482
1.650165 0.006564
1.665167 0.006647
1.680168 0.006730
1.695170 0.006814
1.710171 0.006898
1.725173 0.006982
1.740174 0.007066
1.755176 0.007151
1.770177 0.007235
1.785179 0.007321
1.800180 0.007406
1.815182 0.007492
1.830183 0.007578
1.845185 0.007665
1.860186 0.007751
1.875188 0.007838
1.890189 0.007925
1.905191 0.008013
1.920192 0.008101
1.935194 0.008189
1.950195 0.008277
1.965197 0.008366
1.980198 0.008455
1.995200 0.008544
2.010201 0.008634
2.025203 0.008723
2.040204 0.008813
2.055206 0.008904
2.070207 0.008994
2.085209 0.009085
2.100210 0.009176
2.115212 0.009268
2.130213 0.009359
2.145215 0.009451
2.160216 0.009543
2.175218 0.009636
2.190219 0.009729
2.205221 0.009822
2.220222 0.009915
2.235224 0.010008
2.250225 0.010102
2.265227 0.010196
2.280228 0.010290
2.295230 0.010385
2.310231 0.010479
2.325233 0.010574
2.340234 0.010670
2.355236 0.010765
2.370237 0.010861
2.385239 0.010957
2.400240 0.011053
2.415242 0.011150
2.430243 0.011246
2.445245 0.011343
2.460246 0.011440
2.475248 0.011538
2.490249 0.011635
2.505251 0.011733
2.520252 0.011832
2.535254 0.011930
2.550255 0.012028
2.565257 0.012127
2.580258 0.012226
2.595260 0.012326
2.610261 0.012425
2.625263 0.012525
2.640264 0.012625
2.655266 0.012725
2.670267 0.012825
2.685269 0.012926
2.700270 0.013027
2.715272 0.013128
2.730273 0.013229
2.745275 0.013331
2.760276 0.013432
2.775278 0.013534
2.790279 0.013636
2.805281 0.013739
2.820282 0.013841
2.835284 0.013944
2.850285 0.014047
2.865287 0.014150
2.880288 0.014253
2.895290 0.014357
2.910291 0.014460
2.925293 0.014564
2.940294 0.014668
2.955296 0.014773
2.970297 0.014877
2.985299 0.014982
3.000300 0.015086
3.015302 0.015191
3.030303 0.015296
3.045305 0.015402
3.060306 0.015507
3.075308 0.015613
3.090309 0.015718
3.105311 0.015824
3.120312 0.015930
3.135314 0.016037
3.150315 0.016143
3.165317 0.016250
3.180318 0.016356
3.195320 0.016463
3.210321 0.016570
3.225323 0.016677
3.240324 0.016784
3.255326 0.016891
3.270327 0.016999
3.285329 0.017106
3.300330 0.017214
3.315332 0.017321
3.330333 0.017429
3.345335 0.017537
3.360336 0.017645
3.375338 0.017753
3.390339 0.017861
3.405341 0.017970
3.420342 0.018078
3.435344 0.018187
3.450345 0.018295
3.465347 0.018404
3.480348 0.018512
3.495350 0.018621
3.510351 0.018730
3.525353 0.018839
3.540354 0.018948
3.555356 0.019057
3.570357 0.019166
3.585359 0.019276
3.600360 0.019385
3.615362 0.019494
3.630363 0.019604
3.645365 0.019713
3.660366 0.019823
3.675368 0.019932
3.690369 0.020042
3.705371 0.020152
3.720372 0.020262
3.735374 0.020372
3.750375 0.020482
3.765377 0.020592
3.780378 0.020702
3.795380 0.020813
3.810381 0.020923
3.825383 0.021034
3.840384 0.021144
3.855386 0.021255
3.870387 0.021366
3.885389 0.021477
3.900390 0.021588
3.915392 0.021699
3.930393 0.021810
3.945395 0.021922
3.960396 0.022033
3.975398 0.022145
3.990399 0.022256
4.005401 0.022368
4.020402 0.022480
4.035404 0.022592
4.050405 0.022704
4.065407 0.022817
4.080408 0.022929
4.095410 0.023042
4.110411 0.023154
4.125413 0.023267
4.140414 0.023380
4.155416 0.023493
4.170417 0.023607
4.185419 0.023720
4.200420 0.023834
4.215422 0.023947
4.230423 0.024061
4.245425 0.024175
4.260426 0.024289
4.275428 0.024404
4.290429 0.024518
4.305431 0.024633
4.320432 0.024747
4.335434 0.024862
4.350435 0.024977
4.365437 0.025092
4.380438 0.025208
4.395440 0.025323
4.410441 0.025439
4.425443 0.025554
4.440444 0.025670
4.455446 0.025787
4.470447 0.025903
4.485449 0.026019
4.500450 0.026136
4.515452 0.026252
4.530453 0.026369
4.545455 0.026486
4.560456 0.026603
4.575458 0.026721
4.590459 0.026838
4.605461 0.026956
4.620462 0.027074
4.635464 0.027192
4.650465 0.027310
4.665467 0.027428
4.680468 0.027546
4.695470 0.027665
4.710471 0.027784
4.725473 0.027903
4.740474 0.028022
4.755476 0.028141
4.770477 0.028260
4.785479 0.028380
4.800480 0.028500
4.815482 0.028619
4.830483 0.028739
4.845485 0.028860
4.860486 0.028980
4.875488 0.029100
4.890489 0.029221
4.905491 0.029342
4.920492 0.029463
4.935494 0.029584
4.950495 0.029705
4.965497 0.029826
4.980498 0.029948
4.995500 0.030070
5.010501 0.030192
5.025503 0.030314
5.040504 0.030436
5.055506 0.030558
5.070507 0.030681
5.085509 0.030803
5.100510 0.030926
5.115512 0.031049
5.130513 0.031172
5.145515 0.031295
5.160516 0.031419
5.175518 0.031542
5.190519 0.031666
5.205521 0.031790
5.220522 0.031914
5.235524 0.032038
5.250525 0.032162
5.265527 0.032287
5.280528 0.032412
5.295530 0.032536
5.310531 0.032661
5.325533 0.032786
5.340534 0.032912
5.355536 0.033037
5.370537 0.033163
5.385539 0.033288
5.400540 0.033414
5.415542 0.033540
5.430543 0.033666
5.445545 0.033793
5.460546 0.033919
5.475548 0.034046
5.490549 0.034172
5.505551 0.034299
5.520552 0.034426
5.535554 0.034553
5.550555 0.034681
5.565557 0.034808
5.580558 0.034936
5.595560 0.035064
5.610561 0.035192
5.625563 0.035320
5.640564 0.035448
5.655566 0.035576
5.670567 0.035705
5.685569 0.035833
5.700570 0.035962
5.715572 0.036091
5.730573 0.036220
5.745575 0.036349
5.760576 0.036479
5.775578 0.036608
5.790579 0.036738
5.805581 0.036867
5.820582 0.036997
5.835584 0.037127
5.850585 0.037258
5.865587 0.037388
5.880588 0.037518
5.895590 0.037649
5.910591 0.037780
5.925593 0.037911
5.940594 0.038042
5.955596 0.038173
5.970597 0.038304
5.985599 0.038436
6.000600 0.038567
6.015602 0.038699
6.030603 0.038831
6.045605 0.038963
6.060606 0.039095
6.075608 0.039227
6.090609 0.039359
6.105611 0.039492
6.120612 0.039624
6.135614 0.039757
6.150615 0.039890
6.165617 0.040023
6.180618 0.040156
6.195620 0.040289
6.210621 0.040422
6.225623 0.040556
6.240624 0.040689
6.255626 0.040823
6.270627 0.040957
6.285629 0.041091
6.300630 0.041225
6.315632 0.041359
6.330633 0.041493
6.345635 0.041627
6.360636 0.041761
6.375638 0.041896
6.390639 0.042030
6.405641 0.042165
6.420642 0.042300
6.435644 0.042435
6.450645 0.042569
6.465647 0.042704
6.480648 0.042839
6.495650 0.042975
6.510651 0.043110
6.525653 0.043245
6.540654 0.043380
6.555656 0.043516
6.570657 0.043651
6.585659 0.043786
6.600660 0.043922
6.615662 0.044057
6.630663 0.044193
6.645665 0.044328
6.660666 0.044464
6.675668 0.044599
6.690669 0.044734
6.705671 0.044870
6.720672 0.045005
6.735674 0.045141
6.750675 0.045276
6.765677 0.045411
6.780678 0.045546
6.795680 0.045681
6.810681 0.045816
6.825683 0.045951
6.840684 0.046086
6.855686 0.046221
6.870687 0.046355
6.885689 0.046489
6.900690 0.046623
6.915692 0.046757
6.930693 0.046891
6.945695 0.047024
6.960696 0.047157
6.975698 0.047290
6.990699 0.047422
7.005701 0.047554
7.020702 0.047686
7.035704 0.047817
7.050705 0.047948
7.065707 0.048079
7.080708 0.048209
7.095710 0.048338
7.110711 0.048467
7.125713 0.048596
7.140714 0.048723
7.155716 0.048850
7.170717 0.048977
7.185719 0.049102
7.200720 0.049227
7.215722 0.049351
7.230723 0.049474
7.245725 0.049596
7.260726 0.049718
7.275728 0.049838
7.290729 0.049957
7.305731 0.050075
7.320732 0.050192
7.335734 0.050308
7.350735 0.050423
7.365737 0.050536
7.380738 0.050648
7.395740 0.050758
7.410741 0.050867
7.425743 0.050975
7.440744 0.051081
7.455746 0.051185
7.470747 0.051287
7.485749 0.051388
7.500750 0.051488
7.515752 0.051585
7.530753 0.051680
7.545755 0.051774
7.560756 0.051866
7.575758 0.051955
7.590759 0.052043
7.605761 0.052129
7.620762 0.052213
7.635764 0.052294
7.650765 0.052374
7.665767 0.052451
7.680768 0.052526
7.695770 0.052599
7.710771 0.052670
7.725773 0.052739
7.740774 0.052806
7.755776 0.052870
7.770777 0.052932
7.785779 0.052993
7.800780 0.053051
7.815782 0.053107
7.830783 0.053161
7.845785 0.053213
7.860786 0.053263
7.875788 0.053311
7.890789 0.053358
7.905791 0.053402
7.920792 0.053444
7.935794 0.053485
7.950795 0.053524
7.965797 0.053561
7.980798 0.053597
7.995800 0.053631
8.010801 0.053664
8.025803 0.053695
8.040804 0.053724
8.055806 0.053752
8.070807 0.053779
8.085809 0.053804
8.100810 0.053829
8.115812 0.053852
8.130813 0.053874
8.145815 0.053894
8.160816 0.053914
8.175818 0.053933
8.190819 0.053951
8.205821 0.053967
8.220822 0.053983
8.235824 0.053998
8.250825 0.054013
8.265827 0.054026
8.280828 0.054039
8.295830 0.054051
8.310831 0.054062
8.325833 0.054073
8.340834 0.054083
8.355836 0.054093
8.370837 0.054102
8.385839 0.054110
8.400840 0.054119
8.415842 0.054126
8.430843 0.054133
8.445845 0.054140
8.460846 0.054147
8.475848 0.054153
8.490849 0.054158
8.505851 0.054164
8.520852 0.054169
8.535854 0.054173
8.550855 0.054178
8.565857 0.054182
8.580858 0.054186
8.595860 0.054190
8.610861 0.054193
8.625863 0.054197
8.640864 0.054200
8.655866 0.054203
8.670867 0.054205
8.685869 0.054208
8.700870 0.054210
8.715872 0.054213
8.730873 0.054215
8.745875 0.054217
8.760876 0.054219
8.775878 0.054221
8.790879 0.054222
8.805881 0.054224
8.820882 0.054225
8.835884 0.054227
8.850885 0.054228
8.865887 0.054229
8.880888 0.054231
8.895890 0.054232
8.910891 0.054233
8.925893 0.054234
8.940894 0.054235
8.955896 0.054236
8.970897 0.054236
8.985899 0.054237
9.000900 0.054238
9.015902 0.054239
9.030903 0.054239
9.045905 0.054240
9.060906 0.054240
9.075908 0.054241
9.090909 0.054241
9.105911 0.054242
9.120912 0.054242
9.135914 0.054243
9.150915 0.054243
9.165917 0.054243
9.180918 0.054244
9.195920 0.054244
9.210921 0.054244
9.225923 0.054245
9.240924 0.054245
9.255926 0.054245
9.270927 0.054246
9.285929 0.054246
9.300930 0.054246
9.315932 0.054246
9.330933 0.054246
9.345935 0.054247
9.360936 0.054247
9.375938 0.054247
9.390939 0.054247
9.405941 0.054247
9.420942 0.054247
9.435944 0.054248
9.450945 0.054248
9.465947 0.054248
9.480948 0.054248
9.495950 0.054248
9.510951 0.054248
9.525953 0.054248
9.540954 0.054248
9.555956 0.054248
9.570957 0.054249
9.585959 0.054249
9.600960 0.054249
9.615962 0.054249
9.630963 0.054249
9.645965 0.054249
9.660966 0.054249
9.675968 0.054249
9.690969 0.054249
9.705971 0.054249
9.720972 0.054249
9.735974 0.054249
9.750975 0.054249
9.765977 0.054249
9.780978 0.054249
9.795980 0.054250
9.810981 0.054250
9.825983 0.054250
9.840984 0.054250
9.855986 0.054250
9.870987 0.054250
9.885989 0.054250
9.900990 0.054250
9.915992 0.054250
9.930993 0.054250
9.945995 0.054250
9.960996 0.054250
9.975998 0.054250
9.990999 0.054250
10.006001 0.054250
10.021002 0.054250
10.036004 0.054250
10.051005 0.054250
10.066007 0.054250
10.081008 0.054250
10.096010 0.054250
10.111011 0.054250
10.126013 0.054250
10.141014 0.054250
10.156016 0.054250
10.171017 0.054251
10.186019 0.054251
10.201020 0.054251
10.216022 0.054251
10.231023 0.054251
10.246025 0.054251
10.261026 0.054251
10.276028 0.054251
10.291029 0.054251
10.306031 0.054251
10.321032 0.054251
10.336034 0.054251
10.351035 0.054251
10.366037 0.054251
10.381038 0.054251
10.396040 0.054251
10.411041 0.054251
10.426043 0.054251
10.441044 0.054251
10.456046 0.054251
10.471047 0.054251
10.486049 0.054251
10.501050 0.054251
10.516052 0.054251
10.531053 0.054251
10.546055 0.054251
10.561056 0.054251
10.576058 0.054251
10.591059 0.054251
10.606061 0.054251
10.621062 0.054252
10.636064 0.054252
10.651065 0.054252
10.666067 0.054252
10.681068 0.054252
10.696070 0.054252
10.711071 0.054252
10.726073 0.054252
10.741074 0.054252
10.756076 0.054252
10.771077 0.054252
10.786079 0.054252
10.801080 0.054252
10.816082 0.054252
10.831083 0.054252
10.846085 0.054252
10.861086 0.054252
10.876088 0.054252
10.891089 0.054252
10.906091 0.054252
10.921092 0.054252
10.936094 0.054252
10.951095 0.054252
10.966097 0.054252
10.981098 0.054252
10.996100 0.054252
11.011101 0.054252
11.026103 0.054252
11.041104 0.054252
11.056106 0.054252
11.071107 0.054252
11.086109 0.054252
11.101110 0.054253
11.116112 0.054253
11.131113 0.054253
11.146115 0.054253
11.161116 0.054253
11.176118 0.054253
11.191119 0.054253
11.206121 0.054253
11.221122 0.054253
11.236124 0.054253
11.251125 0.054253
11.266127 0.054253
11.281128 0.054253
11.296130 0.054253
11.311131 0.054253
11.326133 0.054253
11.341134 0.054253
11.356136 0.054253
11.371137 0.054253
11.386139 0.054253
11.401140 0.054253
11.416142 0.054253
11.431143 0.054253
11.446145 0.054253
11.461146 0.054253
11.476148 0.054253
11.491149 0.054253
11.506151 0.054253
11.521152 0.054253
11.536154 0.054253
11.551155 0.054254
11.566157 0.054254
11.581158 0.054254
11.596160 0.054254
11.611161 0.054254
11.626163 0.054254
11.641164 0.054254
11.656166 0.054254
11.671167 0.054254
11.686169 0.054254
11.701170 0.054254
11.716172 0.054254
11.731173 0.054254
11.746175 0.054254
11.761176 0.054254
11.776178 0.054254
11.791179 0.054254
11.806181 0.054254
11.821182 0.054254
11.836184 0.054254
11.851185 0.054254
11.866187 0.054254
11.881188 0.054254
11.896190 0.054254
11.911191 0.054254
11.926193 0.054254
11.941194 0.054254
11.956196 0.054254
11.971197 0.054254
11.986199 0.054254
12.001200 0.054254
12.016202 0.054255
12.031203 0.054255
12.046205 0.054255
12.061206 0.054255
12.076208 0.054255
12.091209 0.054255
12.106211 0.054255
12.121212 0.054255
12.136214 0.054255
12.151215 0.054255
12.166217 0.054255
12.181218 0.054255
12.196220 0.054255
12.211221 0.054255
12.226223 0.054255
12.241224 0.054255
12.256226 0.054255
12.271227 0.054255
12.286229 0.054255
12.301230 0.054255
12.316232 0.054255
12.331233 0.054255
12.346235 0.054255
12.361236 0.054255
12.376238 0.054255
12.391239 0.054255
12.406241 0.054255
12.421242 0.054255
12.436244 0.054255
12.451245 0.054256
12.466247 0.054256
12.481248 0.054256
12.496250 0.054256
12.511251 0.054256
12.526253 0.054256
12.541254 0.054256
12.556256 0.054256
12.571257 0.054256
12.586259 0.054256
12.601260 0.054256
12.616262 0.054256
12.631263 0.054256
12.646265 0.054256
12.661266 0.054256
12.676268 0.054256
12.691269 0.054256
12.706271 0.054256
12.721272 0.054256
12.736274 0.054256
12.751275 0.054256
12.766277 0.054256
12.781278 0.054256
12.796280 0.054256
12.811281 0.054256
12.826283 0.054256
12.841284 0.054256
12.856286 0.054256
12.871287 0.054256
12.886289 0.054257
12.901290 0.054257
12.916292 0.054257
12.931293 0.054257
12.946295 0.054257
12.961296 0.054257
12.976298 0.054257
12.991299 0.054257
13.006301 0.054257
13.021302 0.054257
13.036304 0.054257
13.051305 0.054257
13.066307 0.054257
13.081308 0.054257
13.096310 0.054257
13.111311 0.054257
13.126313 0.054257
13.141314 0.054257
13.156316 0.054257
13.171317 0.054257
13.186319 0.054257
13.201320 0.054257
13.216322 0.054257
13.231323 0.054257
13.246325 0.054257
13.261326 0.054257
13.276328 0.054257
13.291329 0.054257
13.306331 0.054257
13.321332 0.054258
13.336334 0.054258
13.351335 0.054258
13.366337 0.054258
13.381338 0.054258
13.396340 0.054258
13.411341 0.054258
13.426343 0.054258
13.441344 0.054258
13.456346 0.054258
13.471347 0.054258
13.486349 0.054258
13.501350 0.054258
13.516352 0.054258
13.531353 0.054258
13.546355 0.054258
13.561356 0.054258
13.576358 0.054258
13.591359 0.054258
13.606361 0.054258
13.621362 0.054258
13.636364 0.054258
13.651365 0.054258
13.666367 0.054258
13.681368 0.054258
13.696370 0.054258
13.711371 0.054258
13.726373 0.054258
13.741374 0.054259
13.756376 0.054259
13.771377 0.054259
13.786379 0.054259
13.801380 0.054259
13.816382 0.054259
13.831383 0.054259
13.846385 0.054259
13.861386 0.054259
13.876388 0.054259
13.891389 0.054259
13.906391 0.054259
13.921392 0.054259
13.936394 0.054259
13.951395 0.054259
13.966397 0.054259
13.981398 0.054259
13.996400 0.054259
14.011401 0.054259
14.026403 0.054259
14.041404 0.054259
14.056406 0.054259
14.071407 0.054259
14.086409 0.054259
14.101410 0.054259
14.116412 0.054259
14.131413 0.054259
14.146415 0.054260
14.161416 0.054260
14.176418 0.054260
14.191419 0.054260
14.206421 0.054260
14.221422 0.054260
14.236424 0.054260
14.251425 0.054260
14.266427 0.054260
14.281428 0.054260
14.296430 0.054260
14.311431 0.054260
14.326433 0.054260
14.341434 0.054260
14.356436 0.054260
14.371437 0.054260
14.386439 0.054260
14.401440 0.054260
14.416442 0.054260
14.431443 0.054260
14.446445 0.054260
14.461446 0.054260
14.476448 0.054260
14.491449 0.054260
14.506451 0.054260
14.521452 0.054260
14.536454 0.054260
14.551455 0.054261
14.566457 0.054261
14.581458 0.054261
14.596460 0.054261
14.611461 0.054261
14.626463 0.054261
14.641464 0.054261
14.656466 0.054261
14.671467 0.054261
14.686469 0.054261
14.701470 0.054261
14.716472 0.054261
14.731473 0.054261
14.746475 0.054261
14.761476 0.054261
14.776478 0.054261
14.791479 0.054261
14.806481 0.054261
14.821482 0.054261
14.836484 0.054261
14.851485 0.054261
14.866487 0.054261
14.881488 0.054261
14.896490 0.054261
14.911491 0.054261
14.926493 0.054261
14.941494 0.054261
14.956496 0.054262
14.971497 0.054262
14.986499 0.054262
15.001500 0.054262
15.016502 0.054262
15.031503 0.054262
15.046505 0.054262
15.061506 0.054262
15.076508 0.054262
15.091509 0.054262
15.106511 0.054262
15.121512 0.054262
15.136514 0.054262
15.151515 0.054262
15.166517 0.054262
15.181518 0.054262
15.196520 0.054262
15.211521 0.054262
15.226523 0.054262
15.241524 0.054262
15.256526 0.054262
15.271527 0.054262
15.286529 0.054262
15.301530 0.054262
15.316532 0.054262
15.331533 0.054262
15.346535 0.054263
15.361536 0.054263
15.376538 0.054263
15.391539 0.054263
15.406541 0.054263
15.421542 0.054263
15.436544 0.054263
15.451545 0.054263
15.466547 0.054263
15.481548 0.054263
15.496550 0.054263
15.511551 0.054263
15.526553 0.054263
15.541554 0.054263
15.556556 0.054263
15.571557 0.054263
15.586559 0.054263
15.601560 0.054263
15.616562 0.054263
15.631563 0.054263
15.646565 0.054263
15.661566 0.054263
15.676568 0.054263
15.691569 0.054263
15.706571 0.054263
15.721572 0.054263
15.736574 0.054264
15.751575 0.054264
15.766577 0.054264
15.781578 0.054264
15.796580 0.054264
15.811581 0.054264
15.826583 0.054264
15.841584 0.054264
15.856586 0.054264
15.871587 0.054264
15.886589 0.054264
15.901590 0.054264
15.916592 0.054264
15.931593 0.054264
15.946595 0.054264
15.961596 0.054264
15.976598 0.054264
15.991599 0.054264
16.006601 0.054264
16.021602 0.054264
16.036604 0.054264
16.051605 0.054264
16.066607 0.054264
16.081608 0.054264
16.096610 0.054264
16.111611 0.054264
16.126613 0.054265
16.141614 0.054265
16.156616 0.054265
16.171617 0.054265
16.186619 0.054265
16.201620 0.054265
16.216622 0.054265
16.231623 0.054265
16.246625 0.054265
16.261626 0.054265
16.276628 0.054265
16.291629 0.054265
16.306631 0.054265
16.321632 0.054265
16.336634 0.054265
16.351635 0.054265
16.366637 0.054265
16.381638 0.054265
16.396640 0.054265
16.411641 0.054265
16.426643 0.054265
16.441644 0.054265
16.456646 0.054265
16.471647 0.054265
16.486649 0.054265
16.501650 0.054266
16.516652 0.054266
16.531653 0.054266
16.546655 0.054266
16.561656 0.054266
16.576658 0.054266
16.591659 0.054266
16.606661 0.054266
16.621662 0.054266
16.636664 0.054266
16.651665 0.054266
16.666667 0.054266
16.681668 0.054266
16.696670 0.054266
16.711671 0.054266
16.726673 0.054266
16.741674 0.054266
16.756676 0.054266
16.771677 0.054266
16.786679 0.054266
16.801680 0.054266
16.816682 0.054266
16.831683 0.054266
16.846685 0.054266
16.861686 0.054266
16.876688 0.054267
16.891689 0.054267
16.906691 0.054267
16.921692 0.054267
16.936694 0.054267
16.951695 0.054267
16.966697 0.054267
16.981698 0.054267
16.996700 0.054267
17.011701 0.054267
17.026703 0.054267
17.041704 0.054267
17.056706 0.054267
17.071707 0.054267
17.086709 0.054267
17.101710 0.054267
17.116712 0.054267
17.131713 0.054267
17.146715 0.054267
17.161716 0.054267
17.176718 0.054267
17.191719 0.054267
17.206721 0.054267
17.221722 0.054267
17.236724 0.054267
17.251725 0.054268
17.266727 0.054268
17.281728 0.054268
17.296730 0.054268
17.311731 0.054268
17.326733 0.054268
17.341734 0.054268
17.356736 0.054268
17.371737 0.054268
17.386739 0.054268
17.401740 0.054268
17.416742 0.054268
17.431743 0.054268
17.446745 0.054268
17.461746 0.054268
17.476748 0.054268
17.491749 0.054268
17.506751 0.054268
17.521752 0.054268
17.536754 0.054268
17.551755 0.054268
17.566757 0.054268
17.581758 0.054268
17.596760 0.054268
17.611761 0.054269
17.626763 0.054269
17.641764 0.054269
17.656766 0.054269
17.671767 0.054269
17.686769 0.054269
17.701770 0.054269
17.716772 0.054269
17.731773 0.054269
17.746775 0.054269
17.761776 0.054269
17.776778 0.054269
17.791779 0.054269
17.806781 0.054269
17.821782 0.054269
17.836784 0.054269
17.851785 0.054269
17.866787 0.054269
17.881788 0.054269
17.896790 0.054269
17.911791 0.054269
17.926793 0.054269
17.941794 0.054269
17.956796 0.054269
17.971797 0.054270
17.986799 0.054270
18.001800 0.054270
18.016802 0.054270
18.031803 0.054270
18.046805 0.054270
18.061806 0.054270
18.076808 0.054270
18.091809 0.054270
18.106811 0.054270
18.121812 0.054270
18.136814 0.054270
18.151815 0.054270
18.166817 0.054270
18.181818 0.054270
18.196820 0.054270
18.211821 0.054270
18.226823 0.054270
18.241824 0.054270
18.256826 0.054270
18.271827 0.054270
18.286829 0.054270
18.301830 0.054270
18.316832 0.054270
18.331833 0.054271
18.346835 0.054271
18.361836 0.054271
18.376838 0.054271
18.391839 0.054271
18.406841 0.054271
18.421842 0.054271
18.436844 0.054271
18.451845 0.054271
18.466847 0.054271
18.481848 0.054271
18.496850 0.054271
18.511851 0.054271
18.526853 0.054271
18.541854 0.054271
18.556856 0.054271
18.571857 0.054271
18.586859 0.054271
18.601860 0.054271
18.616862 0.054271
18.631863 0.054271
18.646865 0.054271
18.661866 0.054271
18.676868 0.054272
18.691869 0.054272
18.706871 0.054272
18.721872 0.054272
18.736874 0.054272
18.751875 0.054272
18.766877 0.054272
18.781878 0.054272
18.796880 0.054272
18.811881 0.054272
18.826883 0.054272
18.841884 0.054272
18.856886 0.054272
18.871887 0.054272
18.886889 0.054272
18.901890 0.054272
18.916892 0.054272
18.931893 0.054272
18.946895 0.054272
18.961896 0.054272
18.976898 0.054272
18.991899 0.054272
19.006901 0.054272
19.021902 0.054273
19.036904 0.054273
19.051905 0.054273
19.066907 0.054273
19.081908 0.054273
19.096910 0.054273
19.111911 0.054273
19.126913 0.054273
19.141914 0.054273
19.156916 0.054273
19.171917 0.054273
19.186919 0.054273
19.201920 0.054273
19.216922 0.054273
19.231923 0.054273
19.246925 0.054273
19.261926 0.054273
19.276928 0.054273
19.291929 0.054273
19.306931 0.054273
19.321932 0.054273
19.336934 0.054273
19.351935 0.054273
19.366937 0.054274
19.381938 0.054274
19.396940 0.054274
19.411941 0.054274
19.426943 0.054274
19.441944 0.054274
19.456946 0.054274
19.471947 0.054274
19.486949 0.054274
19.501950 0.054274
19.516952 0.054274
19.531953 0.054274
19.546955 0.054274
19.561956 0.054274
19.576958 0.054274
19.591959 0.054274
19.606961 0.054274
19.621962 0.054274
19.636964 0.054274
19.651965 0.054274
19.666967 0.054274
19.681968 0.054274
19.696970 0.054274
19.711971 0.054275
19.726973 0.054275
19.741974 0.054275
19.756976 0.054275
19.771977 0.054275
19.786979 0.054275
19.801980 0.054275
19.816982 0.054275
19.831983 0.054275
19.846985 0.054275
19.861986 0.054275
19.876988 0.054275
19.891989 0.054275
19.906991 0.054275
19.921992 0.054275
19.936994 0.054275
19.951995 0.054275
19.966997 0.054275
19.981998 0.054275
