# $\sigma_8$ $n_\mathrm{s}$ $h$ $\Omega_\mathrm{b}$ $\Omega_\mathrm{m}$ $\zeta_\mathrm{UV}$ $T_\mathrm{vir}$ $E_0$ $L_\mathrm{X}$
8.760936747491360199e-01 9.945092803984880714e-01 6.535261108353733750e-01 4.729100320488214410e-02 2.623912747204303897e-01 2.841053815558552742e+01 4.469013845548033714e+00 6.502912184223532677e+02 3.937355122156441212e+01
7.866468961536884352e-01 9.223033241927623971e-01 6.840413696691394208e-01 5.787062203511595532e-02 3.242978893220424541e-01 2.650393726304173470e+01 4.655628092214465497e+00 1.129408584628254175e+03 4.022893537208437920e+01
7.505259694159031048e-01 9.707496593892575021e-01 6.300953793898225186e-01 4.314960513263940700e-02 3.828359360992908966e-01 2.112963245715945959e+01 4.319607971236109734e+00 8.062613532878458500e+02 4.051148356311023235e+01
8.223682253062725156e-01 9.435436833649873956e-01 7.205988731607794184e-01 5.138610458001494075e-02 2.810803650319576019e-01 3.428528921213001013e+01 4.505064031109213829e+00 3.853645524010062218e+02 3.990542754530906677e+01
8.537316267192364139e-01 9.673835012316703841e-01 6.936678769439458270e-01 5.351540481671690497e-02 3.061833196878433472e-01 3.082730569411069155e+01 4.379444661736488165e+00 8.770978337153792381e+02 4.076949295401573181e+01
7.643092431128024611e-01 9.595513286441564871e-01 6.640576235949993134e-01 4.164615128189325111e-02 3.680265530943870322e-01 2.517162211704999208e+01 4.595953930914402186e+00 4.562001795507967472e+02 3.963195718638598919e+01
8.178538377583026708e-01 9.886432560533284786e-01 7.020949552208185507e-01 5.703027701005339289e-02 3.492147654294968095e-01 2.211040080524981022e+01 4.428903894126415608e+00 6.076895744539797306e+02 3.910029448196291924e+01
8.897205267846584054e-01 9.358110645413398876e-01 6.125037768483161393e-01 4.750536356121301540e-02 2.472198793292045560e-01 3.151697129942476749e+01 4.646574306488036932e+00 1.086807793937623501e+03 4.048667010851204395e+01
8.989569373428821786e-01 9.776835780590772407e-01 7.103565996512770653e-01 4.066696139052509984e-02 3.380585008859634533e-01 3.322130534332245588e+01 4.371500058844685732e+00 9.465557693503797054e+02 4.094889791868627071e+01
8.083048580586910115e-01 9.455157548189163652e-01 6.208827522769569951e-01 5.385868459939956165e-02 2.761520203948020780e-01 2.006931069772690535e+01 4.553831121698022066e+00 5.236831493675708771e+02 3.959302466362714767e+01
7.745222954452037900e-01 9.964434683322906938e-01 6.850546697899698723e-01 4.980803402140736302e-02 2.973392981290817194e-01 2.734836623072624207e+01 4.420930344238877652e+00 5.400992877781391144e+02 3.918645303882658482e+01
8.425811435282231088e-01 9.292756652086973101e-01 6.555614613369107335e-01 5.534413784742354958e-02 3.990946981310844466e-01 2.925130501389503479e+01 4.604419599846005795e+00 1.017237394955009222e+03 4.029104502871632576e+01
8.312970305979252572e-01 9.804210843145847454e-01 6.365993577241897405e-01 5.946443587541579839e-02 3.742651779949665025e-01 3.259211338125169277e+01 4.479990316182375309e+00 6.952516003511846066e+02 3.941294153407216072e+01
7.406595806777477309e-01 9.326270363479852721e-01 7.269855213910341174e-01 4.506112666800618505e-02 3.124221168458461984e-01 2.318920499645173550e+01 4.694535737484693882e+00 1.172390567511320114e+03 4.004901164211332798e+01
7.971773193776607869e-01 9.641612891107798067e-01 6.469049443304538682e-01 5.094927877187728493e-02 2.509617085754871080e-01 2.434567513410001993e+01 4.330604328960180105e+00 7.633884005248546600e+02 4.070665090531110764e+01
8.652508349716663272e-01 9.513672597706318568e-01 6.773031591624021353e-01 4.420280965045094573e-02 3.529564617574215135e-01 2.999769660178571939e+01 4.543988601118326365e+00 3.405149205587804317e+02 3.981978782080113888e+01
8.630662937462330042e-01 9.622602313011885400e-01 6.240017723292111684e-01 5.663603646680712145e-02 2.893461485207080575e-01 2.331596071831882000e+01 4.663370834290981648e+00 8.014573375694453716e+02 3.955626517161726952e+01
7.949868558347225056e-01 9.543889921903609963e-01 7.135675372183323262e-01 4.852467816323041694e-02 3.873613332211971461e-01 3.266305054537951946e+01 4.461325365304946722e+00 3.243329700082540512e+02 4.091940184123814106e+01
7.484750728309154111e-01 9.835004162788391069e-01 6.605574465543031515e-01 5.265243334695696859e-02 3.260516412556171417e-01 2.963017864618450403e+01 4.512750408053397777e+00 7.394632335752248764e+02 4.032505793869495392e+01
8.391065432131290525e-01 9.306291591376066874e-01 6.901349765062332331e-01 4.188419681042433035e-02 2.678854142129420968e-01 2.403220190200954676e+01 4.311866183578968226e+00 1.162322113942354918e+03 3.921112733893096447e+01
8.453917433321476160e-01 9.996740914881229179e-01 7.241260622814297276e-01 4.291888397186994358e-02 2.429783052206039295e-01 2.092758349608629942e+01 4.585141794010996641e+00 5.571704442612826824e+02 4.008293276838958263e+01
7.773367004096507493e-01 9.274290785938501536e-01 6.335976127907633204e-01 5.224175198003649934e-02 3.412132737040519670e-01 3.402559063863009214e+01 4.390310683473944486e+00 9.800301980227231979e+02 3.943752451241016388e+01
8.011154435575008614e-01 9.759339634329080582e-01 6.725740412250160727e-01 4.627901297062635144e-02 3.622486096620559648e-01 2.861921753734350204e+01 4.635705810412765082e+00 9.557350169867277145e+02 3.978287597186863422e+01
8.917713470757007155e-01 9.486889310181141344e-01 6.420265167579054522e-01 5.825753850862383509e-02 3.041652950644493369e-01 2.677215453237295151e+01 4.439716602489352404e+00 4.786097760312259197e+02 4.067700200900435448e+01
8.819062696397305112e-01 9.855517167598009109e-01 6.808358338475226645e-01 5.009113527834415519e-02 3.911025518178939953e-01 2.508148368913680315e+01 4.564691325277090428e+00 6.196016611531376839e+02 4.013739872723817825e+01
8.100430996716022625e-01 9.377967350184918116e-01 6.504053542762994189e-01 4.443603197112679787e-02 2.930872341990470864e-01 3.067579832393676043e+01 4.360682103782892227e+00 1.040484735835343599e+03 3.927377507649362087e+01
7.664949907362461623e-01 9.693114148080349546e-01 7.155127064883708421e-01 5.907506145536899067e-02 2.741246491670608632e-01 3.186250609345734119e+01 4.615238506346940994e+00 8.951715026982128620e+02 3.999409553781151772e+01
8.559208743274211439e-01 9.565564513951539949e-01 6.251015879958867760e-01 4.607557991519570240e-02 3.322910484671592890e-01 2.251907837577164173e+01 4.410068046301603317e+00 4.160678626969456673e+02 4.060656000114977360e+01
8.295588652789592787e-01 9.725163635611534518e-01 6.670612802729010138e-01 4.879113951697945650e-02 3.574715967476367884e-01 2.574089696630835533e+01 4.686841059103608487e+00 8.534530179575085640e+02 3.972047234512865543e+01
7.577103246748447818e-01 9.403875973075628281e-01 6.965217662230134277e-01 5.573595382273197063e-02 2.592364571988582389e-01 2.758429786190390587e+01 4.487726860120892169e+00 3.743485380895435810e+02 4.086441705003380775e+01
7.838375122845172571e-01 9.912566848844289735e-01 6.173807508870958749e-01 4.043129781261086547e-02 3.179265172779560111e-01 3.483683553989976645e+01 4.536252631619572817e+00 6.895549287088215351e+02 4.039504215680062771e+01
8.732780633866786824e-01 9.241279378533363564e-01 7.068291856721042876e-01 5.471926964819431166e-02 3.760099659860134391e-01 2.174249050673097372e+01 4.338296524062752901e+00 1.110438843257725239e+03 3.900042653828859329e+01
8.700604633986950276e-01 9.720252372324467149e-01 6.877234266325831236e-01 5.859128633514046336e-02 2.484916526079177790e-01 2.270248645916581154e+01 4.520165346190333722e+00 1.054758794233202934e+03 4.089404062554240227e+01
7.818888618052005635e-01 9.447802052646875337e-01 6.572853868082165762e-01 4.657064653933048332e-02 3.454033216834068165e-01 3.210447931662201881e+01 4.305217048153281212e+00 6.336414034478366375e+02 3.950740570016205311e+01
7.558992381393909721e-01 9.932654444128274918e-01 7.092771839722991079e-01 5.194958427920937094e-02 3.667498821020126476e-01 3.047777125146239996e+01 4.669142353162169634e+00 4.302483673207461834e+02 3.922482699155807495e+01
8.265166710317134457e-01 9.210204310715198739e-01 6.188585195317863885e-01 4.258582271635532462e-02 3.099996706843376471e-01 2.482483425643295050e+01 4.456160957738757311e+00 9.091468703001737595e+02 4.036213378421962261e+01
8.577325962483882682e-01 9.899090760201215700e-01 6.453494615852832794e-01 4.221542693674564667e-02 2.847702892124652774e-01 2.148598328698426485e+01 4.628252772986888530e+00 3.603465612977743149e+02 3.949810270778834820e+01
7.695365615189075914e-01 9.370378178358078625e-01 6.748174934834241245e-01 5.294643202796578407e-02 3.816087733209133637e-01 3.463889345992356539e+01 4.446324491500854847e+00 8.392441908828914165e+02 4.010438770055770874e+01
8.132612849771976293e-01 9.661689639091491921e-01 6.387920331954956010e-01 4.822999276220798354e-02 3.206128616631030992e-01 2.782618441618978977e+01 4.579219165444373907e+00 1.096425710152834654e+03 4.063601988740265369e+01
8.838543228805064711e-01 9.582977258414030475e-01 7.282480282336473154e-01 5.630534032359718610e-02 2.636135314404964292e-01 2.592416116036474705e+01 4.395327128469944000e+00 6.753091927617788315e+02 3.978089503571391106e+01
8.949706925451755835e-01 9.951604494452476191e-01 6.320536834374069768e-01 5.438895504921674451e-02 3.516445358097553542e-01 2.376136537175625563e+01 4.620399672165513394e+00 3.101687480695545673e+02 3.928741719573736191e+01
8.030824987590312602e-01 9.280317022651434211e-01 7.216270085796713252e-01 4.013699395582080026e-02 2.547327338159084409e-01 2.941796447616070509e+01 4.404293285682797432e+00 7.875274317339062691e+02 4.017453979514539242e+01
7.791294203698635457e-01 9.789202066510915845e-01 6.517362495139240597e-01 5.602972369641065487e-02 3.137389011681079865e-01 3.294850774109363556e+01 4.571349425986409365e+00 1.148251445777714252e+03 4.058114193752408028e+01
8.484521539509296550e-01 9.467914405465126526e-01 6.813213254138826835e-01 4.912214083597064157e-02 3.704892848432064234e-01 2.354285277426242828e+01 4.353276130929589094e+00 7.255977024324238300e+02 3.994530060328543186e+01
8.373156698048115354e-01 9.629075641185045331e-01 7.007811609655618668e-01 4.574274761602282330e-02 3.953671008348464966e-01 2.699890269897878170e+01 4.531233324855565847e+00 9.939223383553326130e+02 4.082336976565420628e+01
7.454128085076808796e-01 9.501526014506816997e-01 6.102451655268669173e-01 5.878312271088361601e-02 2.985284456610679538e-01 2.890458806417882442e+01 4.344216290861368179e+00 5.712694348767399788e+02 3.971854900196194649e+01
7.917893259227275493e-01 9.816479407250880973e-01 6.961022623628377870e-01 4.472728414461016322e-02 2.798747581243514748e-01 3.381346146110445261e+01 4.680242515355348409e+00 4.925130726769566536e+02 3.906094025634229183e+01
8.610974301397800179e-01 9.338929582387209827e-01 6.655471776425838648e-01 5.042450170964002387e-02 3.368742224574089450e-01 2.065688917879015207e+01 4.495189242810011088e+00 9.698709164746105671e+02 4.041655399650335312e+01
8.682831586897372667e-01 9.847442981600761369e-01 7.172457908093928802e-01 4.783819586038589450e-02 3.004332703351974554e-01 2.896547588519752026e+01 4.312905618548392717e+00 5.098348111845552921e+02 4.020742331631481647e+01
7.989785926043987407e-01 9.319121064990759651e-01 6.277648552507162361e-01 5.732221575453877449e-02 3.634434005618095709e-01 2.712115946225821972e+01 4.512422700226307093e+00 9.324748283252120018e+02 3.931303777918219566e+01
7.425985704362392248e-01 9.609846170991659386e-01 6.788170906901359603e-01 4.135489910840987882e-02 3.449501949548721136e-01 2.034046194050461054e+01 4.463903032243251801e+00 1.003290349803864956e+03 3.990735116414725780e+01
8.345049126446246746e-01 9.531524446606636225e-01 6.493167797476052661e-01 5.318203838542103629e-02 2.417786082625389132e-01 3.343389144632965326e+01 4.661456257104873657e+00 5.259453923441469669e+02 4.055253063142299652e+01
8.406427891552448184e-01 9.771485502272844181e-01 6.148859263584017798e-01 5.171641917899250790e-02 2.665788359940052255e-01 3.021036937367171049e+01 4.435458188876509666e+00 1.186516140494495630e+03 3.968075190484523773e+01
7.713137899339198578e-01 9.499425749480724379e-01 7.052791925147176011e-01 4.344390898942947221e-02 3.298185537755489172e-01 2.461697026621550322e+01 4.639064623042941093e+00 7.091720363125205040e+02 4.079491129331290722e+01
8.052731196582317841e-01 9.984082506597041773e-01 6.683182975277304205e-01 5.757685216143727108e-02 3.886630137264728835e-01 2.296185601502656937e+01 4.384514323994516793e+00 3.546241840347647667e+02 4.044952931627631187e+01
8.971550668776036019e-01 9.262022937089204877e-01 6.987236005440353726e-01 4.696000188589095903e-02 2.855841432511806444e-01 3.230619926005601883e+01 4.590087571367621244e+00 7.772633478976786137e+02 3.908665214665234089e+01
8.866697959601879120e-01 9.680748213827610194e-01 6.615800852328538317e-01 4.387157952412962941e-02 3.797040171921253204e-01 3.448277269024401903e+01 4.415111524611711857e+00 1.143366812914609909e+03 3.959500533901154995e+01
8.160708166658878771e-01 9.552807924896479230e-01 6.921024322509765625e-01 5.065528009086847638e-02 3.166940210759640051e-01 2.138568107504397631e+01 4.609539758414030075e+00 6.644820495508611202e+02 4.098988024145364761e+01
7.623520393669604989e-01 9.868346909433602931e-01 6.212725763767957821e-01 4.535581206902861845e-02 2.555375464260578044e-01 2.632112999446690083e+01 4.364138527959585012e+00 3.994214876554906368e+02 4.026959029771387577e+01
8.505421136319637476e-01 9.390406425297260773e-01 7.117831726372241263e-01 5.979513201862573374e-02 3.587089620530605760e-01 2.816910852678120136e+01 4.560530612617730739e+00 8.205251388251781464e+02 3.912587458267807961e+01
8.243272756040096461e-01 9.900298505276441396e-01 6.703209266439079661e-01 5.501039002090692132e-02 3.335571736097335815e-01 3.127545667812228203e+01 4.336479653790592970e+00 4.419647164642810822e+02 4.001193553581833839e+01
7.537136287987231675e-01 9.228620463609695790e-01 6.407035708054900081e-01 4.951640045270323809e-02 2.703176280856132707e-01 2.192745132371783257e+01 4.538927904143929659e+00 8.630675076507031918e+02 3.939924208261072636e+01
7.896994425356388403e-01 9.737700378894805775e-01 7.256247680261731503e-01 5.415085230022669005e-02 2.918259674310684226e-01 2.542781462427228689e+01 4.487496757879853249e+00 1.072588640358299017e+03 3.986864749342203140e+01
8.778748874366283372e-01 9.416022156924009900e-01 6.360265014693140539e-01 4.100002264603972574e-02 3.949047049880027860e-01 3.102487584110349417e+01 4.687978200986981925e+00 5.937047369778156281e+02 4.073201186023652554e+01
8.795069779455662040e-01 9.654048458486795825e-01 7.275023251771927102e-01 5.083766561001538953e-02 3.467657002806663336e-01 3.250692508183419704e+01 4.632312686741352437e+00 5.372571763582527637e+02 4.035322681255638599e+01
7.876059667766094341e-01 9.576504750549793554e-01 6.378990174084901987e-01 4.401046795770525988e-02 2.499222379922866888e-01 2.316258183680474758e+01 4.442378172278404591e+00 1.014390675164759159e+03 3.924743063375353813e+01
7.539809523522853496e-01 9.891451646387576790e-01 6.759438408911228047e-01 5.997904341667890243e-02 3.084615060687065369e-01 2.432102250400930643e+01 4.581309312582016346e+00 9.218152502551674843e+02 3.952826745621860027e+01
8.232908685505390123e-01 9.363908133655787225e-01 6.463306116312742544e-01 4.549500567838549864e-02 3.654560106992721380e-01 2.991442161146551371e+01 4.393314145505428314e+00 4.989611861295998096e+02 4.088290444016456604e+01
8.521522481739520760e-01 9.926626133918762251e-01 6.193991583213209751e-01 4.961569232866167717e-02 3.805590473115444405e-01 3.325331437867134809e+01 4.516193021461367252e+00 7.674835276789963245e+02 3.975465980172157288e+01
7.602658663690090579e-01 9.205344592779874935e-01 7.099065426364541409e-01 5.523252468556165418e-02 2.836520512402057603e-01 2.015988487284630537e+01 4.309254115447402000e+00 3.446286136284470558e+02 4.064080698601901531e+01
8.163112680613994199e-01 9.714223139733075829e-01 6.559539751335978774e-01 4.110084040090442037e-02 2.648390434682369454e-01 2.744091808795928955e+01 4.667155339941382763e+00 7.196040624752640724e+02 4.011085469648241997e+01
8.856358517706394151e-01 9.442941778898239491e-01 6.864786194637417793e-01 5.437329214066266569e-02 3.215943856537342160e-01 2.928523451089859009e+01 4.458273939415812848e+00 1.196738411206752062e+03 3.947403660602867603e+01
8.955400471389294292e-01 9.824069496244192123e-01 6.626921822875737611e-01 5.745194891467690634e-02 2.536830078065395178e-01 3.097840928006917238e+01 4.533250235766172587e+00 8.316167671233415604e+02 3.996543731354176998e+01
8.073446418344975006e-01 9.345350995659829074e-01 6.930997817218303991e-01 4.801264680922031486e-02 3.505262978374958371e-01 2.538134806323796511e+01 4.342130059748887660e+00 4.107419687323272228e+02 4.057074605673551559e+01
7.710684581100940571e-01 9.636668190360069275e-01 6.130125138908624205e-01 5.331085601821541897e-02 3.717147968709468842e-01 2.231814906932413578e+01 4.684180364757776438e+00 6.536031740717589855e+02 4.016588580049574375e+01
8.416620872914790663e-01 9.507949497550726159e-01 7.034025672078132452e-01 4.152721382677555112e-02 3.147204251587391033e-01 3.166615442372858524e+01 4.491120847314595821e+00 1.132712485268712044e+03 3.930978311970829964e+01
8.328777073323726521e-01 9.795279942452908006e-01 6.844400073960423825e-01 4.365688838064670646e-02 2.998908242583274708e-01 2.821008907631039619e+01 4.618290594592690645e+00 5.837039027363061905e+02 4.042374553158879280e+01
7.447066970169544664e-01 9.472823692113161442e-01 6.549438221380113889e-01 5.180777648463845420e-02 3.967976862192154064e-01 2.636211054399609566e+01 4.406284191086887958e+00 1.062814083974808455e+03 3.903613435663282871e+01
7.987161494791508165e-01 9.957681817561387927e-01 7.191233468428254172e-01 4.717206574976444411e-02 3.353360578417777793e-01 2.098583520855754614e+01 4.567303865030408083e+00 8.732810947112739086e+02 3.969206320494413376e+01
8.693342117965221494e-01 9.285225383937358856e-01 6.296373691782355397e-01 5.766607323661446238e-02 2.785808867216110207e-01 3.408292682375758886e+01 4.357239950075745050e+00 4.524054262787103653e+02 4.082839216850697994e+01
8.615185813605785725e-01 9.975368603318929273e-01 6.979752340540289479e-01 4.024261808022856768e-02 3.649716469645500339e-01 2.576736634597182274e+01 4.425070461258291843e+00 9.134339421987533569e+02 4.054558539018034935e+01
7.909067846834659798e-01 9.253696468472480952e-01 6.674242759123444335e-01 5.460643563419580182e-02 3.017370599508285567e-01 2.766938960179686546e+01 4.649576817080379065e+00 4.343109047971665859e+02 3.993191458471119404e+01
7.468910713493823739e-01 9.762770673632621410e-01 7.064086611196398469e-01 4.922623908147216037e-02 2.404261478781700156e-01 3.492017847951501608e+01 4.376050586625933825e+00 6.300204849801957607e+02 3.933976556360721588e+01
8.350683282315731759e-01 9.491098728030920029e-01 6.158676244691013713e-01 5.624689910560846245e-02 3.435096913576126121e-01 2.176726830657571554e+01 4.598614549264311790e+00 1.050909009575843811e+03 4.020215511135756969e+01
8.488513539731502577e-01 9.605671833455562414e-01 6.498600819706916720e-01 5.896222744137048777e-02 3.286026547849178470e-01 2.499077719170600176e+01 4.323391902446746649e+00 6.725663021206855774e+02 3.906626963429152966e+01
7.782541866600513059e-01 9.527737439423800136e-01 6.794474551826715780e-01 4.588690018281340460e-02 2.655876989662647181e-01 3.064371418673545122e+01 4.502012030780315754e+00 1.093455710168927908e+03 4.046016718447208405e+01
8.045338846743106398e-01 9.843270713835954311e-01 6.264303223788738606e-01 5.060208056122064701e-02 2.866242562234401769e-01 3.182868030853569508e+01 4.472455884516238989e+00 8.426532349549233913e+02 4.080332280881702900e+01
8.927258090674877744e-01 9.315336517989636356e-01 7.160004355758428085e-01 4.487113153561949480e-02 3.897908647358417911e-01 2.242668745107948780e+01 4.653015449643135071e+00 3.635293141007423401e+02 3.965863227471709251e+01
8.834502424299717216e-01 9.746561507135629299e-01 6.331686781719326751e-01 4.677775114774704313e-02 3.154781220853328794e-01 2.071798987220972776e+01 4.327942680194973413e+00 7.296654769219458103e+02 3.915186399966478348e+01
8.141218726336956202e-01 9.424495847523213232e-01 7.226214603707193929e-01 5.868531377986073438e-02 3.787128801643848686e-01 3.387456215452402830e+01 4.547381633892655373e+00 1.152533280663192272e+03 4.026504520140588284e+01
7.680802904069423676e-01 9.909159077703952878e-01 6.434732893481850402e-01 4.279384285211563360e-02 3.597490750253200531e-01 2.846993070095777512e+01 4.476986965909600436e+00 7.836863575503230095e+02 4.098317078128457069e+01
8.599628289043903528e-01 9.237093231827021578e-01 6.729436176642775713e-01 5.204574795439839002e-02 2.566653974354267120e-01 2.656424533575773239e+01 4.698368318751454886e+00 3.065391191281378269e+02 3.961931771971285343e+01
8.261004002392291490e-01 9.872372496128082320e-01 7.149046825617552114e-01 5.308020861819386094e-02 2.718458744883537337e-01 2.345794121734797955e+01 4.423542312532663168e+00 9.669095867313444614e+02 4.074116511084139347e+01
7.567964254319667905e-01 9.394044684618712004e-01 6.244809760153293698e-01 4.238293498754501509e-02 3.348609632253646828e-01 3.286359618417918682e+01 4.600976874679327366e+00 4.897615117952227592e+02 3.984580138698220253e+01
7.804154841601849135e-01 9.684776263684033992e-01 6.895964003354311256e-01 5.644003244116901907e-02 3.935522446036339161e-01 2.983247308526188135e+01 4.374551575630903244e+00 5.744574649259448051e+02 3.937862232886254787e+01
8.723224557936191115e-01 9.556448251008987649e-01 6.591624861955642789e-01 4.839963704347610696e-02 2.903854638338089211e-01 2.417587398085743189e+01 4.550046695023775456e+00 9.973261051811277866e+02 4.002282590419054031e+01
8.741044898331165047e-01 9.879281137883663133e-01 6.117573133856057943e-01 4.453982504084706695e-02 3.228671465814113573e-01 2.684973477385938168e+01 4.381852859258651200e+00 1.166385080572217703e+03 3.987920806929469109e+01
7.834676693379879486e-01 9.351346934586763915e-01 7.012025496363639698e-01 5.030800551176071306e-02 2.610290439426898867e-01 2.869679777882993221e+01 4.593480800092220484e+00 7.437498763203620911e+02 4.051625490374863148e+01
7.599844841659069150e-01 9.666682989150285898e-01 6.651851614564656678e-01 4.618150921538471954e-02 2.823743842542171256e-01 3.360375071410089731e+01 4.432455022633075892e+00 3.204827561974525452e+02 4.023538756370544434e+01
8.280585910379886228e-01 9.588748602569103774e-01 6.946479295194148973e-01 5.929284721612930464e-02 3.843739433586597642e-01 2.050574357155710459e+01 4.642897400259971441e+00 7.978368482552468777e+02 3.934949992410838604e+01
8.567741729319096056e-01 9.701759584993123742e-01 7.211402446404099331e-01 5.591322749853133711e-02 3.691446432471275907e-01 2.396376978140324354e+01 4.466514804586767973e+00 4.756393468938767910e+02 4.047777889482676983e+01
7.661226849257946059e-01 9.430087640881538169e-01 6.307240983471273932e-01 4.893468173220753836e-02 3.072332030534744574e-01 2.956174652557820082e+01 4.658013347908855017e+00 9.529925554990768433e+02 3.912288236618041992e+01
8.123392151296138231e-01 9.939358302950859203e-01 6.827087398245930139e-01 5.489867955446243314e-02 2.462385126948356540e-01 3.309037648141384125e+01 4.315956939384340885e+00 9.832133799791336060e+02 3.965280413813889027e+01
8.803986926376820010e-01 9.217686166614293963e-01 6.522823716327548205e-01 4.057575555518269650e-02 3.479891055822372792e-01 2.374328665435314178e+01 4.508638089522719383e+00 5.605790591798722744e+02 4.075837157294154167e+01
8.909229288995266227e-01 9.648911583423614990e-01 6.744469518959521626e-01 4.873239312320947619e-02 2.772701105475425809e-01 2.156921625602990389e+01 4.483663520961999716e+00 4.203492684289813042e+02 4.029822083562612534e+01
8.015023954212665558e-01 9.520583581179380417e-01 6.439035397022961904e-01 5.673189496621489081e-02 3.391083842515945634e-01 3.466356128919869661e+01 4.690980895608663381e+00 8.992397063411772251e+02 3.916166286729276180e+01
7.750454701483249220e-01 9.811508565396070969e-01 7.297535943984985174e-01 4.209160659462213294e-02 3.981133314967155723e-01 2.785276555456221104e+01 4.333085774630307974e+00 1.036855536047369242e+03 3.956655364111065865e+01
8.469139711558818506e-01 9.333180743455886663e-01 6.392201180011033435e-01 5.274676596745848933e-02 2.961136382818221890e-01 2.600936465896666050e+01 4.541588706523180363e+00 6.157601578161120415e+02 4.095390554703772068e+01
8.382752363383769723e-01 9.970022896677255275e-01 6.586813257262110755e-01 5.237613892182707565e-02 3.109913741052150460e-01 2.266854176297783852e+01 4.367922275140881716e+00 1.107687711529433727e+03 3.983990880288183689e+01
7.488302697241305816e-01 9.297957046329975439e-01 6.882611386850475688e-01 4.308822307735681728e-02 3.729029472172260551e-01 3.201196948066353798e+01 4.557478416338563321e+00 6.865931698121130466e+02 4.069627075269818306e+01
7.927078111469745281e-01 9.782426108419894906e-01 6.183783363923430754e-01 5.839162027463316862e-02 3.542504809796810372e-01 3.038718187715858221e+01 4.418553379550576032e+00 3.777518757618963718e+02 4.004037242196500301e+01
8.645519171655178248e-01 9.460360453277826265e-01 7.079409036412834810e-01 4.644682619720697653e-02 2.524997158348560311e-01 2.479286724235862494e+01 4.606926919892430305e+00 8.566414771601557732e+02 3.943529268354177475e+01
8.673663221299647841e-01 9.750135874748230291e-01 6.412787685170769914e-01 5.404290117323398701e-02 3.860577009618282318e-01 3.148332206532359123e+01 4.576216573640704333e+00 3.964644486084580421e+02 3.919076053984463215e+01
7.955184109508991463e-01 9.478854524344205723e-01 6.716792654618620739e-01 4.080646017566323669e-02 2.878177542984485804e-01 2.207675157114863396e+01 4.399160480126738548e+00 8.175735664553940296e+02 4.033568009361624718e+01
7.416446794569492296e-01 9.987539666146040274e-01 6.347259776666760445e-01 5.552621819078921994e-02 2.693257699906825842e-01 2.557879929896444082e+01 4.625591882690787138e+00 1.118535388726741076e+03 4.092779859714210033e+01
8.310858218371868222e-01 9.266258114576340077e-01 7.251089427992700731e-01 4.994661727920174377e-02 3.274042589962482541e-01 3.123448287602514029e+01 4.449718294665217400e+00 6.396312111988663673e+02 3.953416030108928680e+01
8.447235076129436804e-01 9.830538240820169138e-01 6.906776327639818636e-01 4.516224959865212246e-02 3.422045585513114885e-01 3.433908720035105944e+01 4.672194625437259496e+00 1.076812652684748173e+03 4.067007248103618622e+01
7.728609289228915991e-01 9.302994723618031037e-01 6.611885356903075550e-01 5.968718089163303070e-02 2.441940468549728405e-01 2.118343044538050890e+01 4.452377298474312184e+00 5.979093250818550587e+02 3.980742367915809155e+01
8.093119080364704621e-01 9.618135787546634452e-01 7.122340803593396608e-01 4.430179635062813509e-02 3.030372866988182423e-01 2.612057094462215900e+01 4.522778069972991588e+00 4.664220211096107960e+02 3.946423753723502159e+01
8.987384210526943029e-01 9.540592084079980717e-01 6.227552051842212277e-01 5.117110826075076807e-02 3.612086445093155018e-01 2.802717183716595173e+01 4.301775090396404266e+00 8.875302890315651894e+02 4.007767932303249836e+01
8.875830478966235670e-01 9.921719466149807598e-01 7.039724303409456985e-01 5.799974484369158079e-02 2.940785190463066079e-01 3.018560498487204313e+01 4.676849207654595553e+00 1.028558305185288191e+03 4.061569750867784023e+01
8.195298551023006972e-01 9.249263025075197264e-01 6.143762250617146314e-01 4.746362309902906612e-02 3.923182934522628784e-01 2.453358351718634367e+01 4.497850616648793043e+00 5.511904869228601456e+02 3.997126517444849014e+01
7.633070735633372683e-01 9.734318370372057050e-01 6.992908450588584124e-01 5.151553256437182288e-02 3.311630401015281944e-01 2.287677768617868423e+01 4.527400659397244453e+00 5.130283925682306290e+02 3.925317011214792728e+01
8.539647890627384275e-01 9.411862127482891749e-01 6.696847039833664361e-01 4.332375090569257764e-02 2.730846840143204002e-01 3.227968607097864151e+01 4.347219556942581775e+00 9.356773230247199535e+02 4.014827430620789528e+01
8.202478529512882144e-01 9.697629686444998454e-01 6.282220004498958454e-01 4.185852032154798591e-02 2.579328249394893802e-01 2.905791061930358410e+01 4.574792235344648184e+00 3.307399350218474865e+02 3.902640021219849586e+01
7.521702270209789098e-01 9.568910995125771146e-01 7.187222965806722152e-01 5.360493106767535293e-02 3.559432025253772558e-01 2.715497183613479137e+01 4.350664246827363968e+00 7.533879954367876053e+02 4.039051280356943607e+01
7.856569169461726787e-01 9.860031732916831881e-01 6.478999325633049144e-01 4.771803777664899993e-02 3.774503217637539265e-01 2.037258988711982965e+01 4.624184373766183853e+00 1.182831706479191780e+03 4.085772237926721573e+01
8.762902374565602059e-01 9.381313230842351913e-01 6.784174744039773719e-01 5.712132913991808947e-02 3.192791350185871235e-01 3.352458453271538019e+01 4.401242043823003769e+00 7.054647582583129406e+02 3.974476993642747402e+01
8.774236421287060494e-01 9.790866662561893419e-01 6.263492897152900252e-01 4.968779554590582737e-02 3.658401018381118863e-01 2.486500192899256945e+01 4.529089858010411085e+00 5.781095590442419052e+02 3.945809167996048927e+01
7.856196667253970700e-01 9.462929473072290154e-01 7.167864153534173610e-01 5.546315599232912175e-02 3.077612885832786693e-01 3.052068729419261217e+01 4.345600608363747064e+00 1.000756759475916624e+03 4.006445221044123173e+01
7.515824766457080974e-01 9.953464619070291342e-01 6.497946159541606592e-01 4.070419242605567006e-02 2.487572211027145319e-01 3.217531894333660603e+01 4.678477442637086092e+00 9.634772191755473614e+02 4.065656880289316177e+01
8.209894488751888764e-01 9.275527234375476882e-01 6.802141954749822972e-01 5.382267463952302572e-02 3.469968435168266363e-01 2.276874666102230549e+01 4.496146385744213880e+00 4.861111309379339218e+02 3.980148953758180141e+01
8.547832511365414110e-01 9.815202181786298885e-01 7.057535901293158220e-01 5.106829691678285710e-02 3.221480973064899667e-01 2.587506709620356560e+01 4.619415897876024246e+00 7.803054850548505783e+02 4.093006986938416958e+01
7.629548807442187996e-01 9.343527144193649603e-01 6.162864733114838955e-01 4.408257117494941008e-02 2.639764533936977409e-01 2.778166620060801506e+01 4.406031631678342997e+00 3.029402400366961956e+02 3.954351047426462173e+01
8.192570473253727448e-01 9.627603268623352584e-01 6.973119313642381911e-01 5.942842591553926246e-02 2.826298756897449582e-01 3.456278955098241568e+01 4.569987162202596487e+00 7.332660759799182415e+02 3.920032624341547489e+01
8.886395864188672000e-01 9.505928050726651923e-01 6.678550221398472653e-01 4.509835770353674833e-02 3.806401012837886677e-01 2.140713458415120840e+01 4.355441746860742036e+00 1.155912433192133904e+03 4.033767861500382423e+01
8.975281108915805772e-01 9.937252029776573181e-01 6.888159083575010611e-01 4.326984509825706343e-02 3.140226681530475794e-01 2.358370709232985973e+01 4.630418365821242332e+00 8.460341040976345539e+02 4.084397195279598236e+01
8.094309441745280997e-01 9.208927013725042299e-01 6.592416681349276830e-01 5.126708554103970306e-02 3.721013103425502844e-01 3.298661726526916027e+01 4.444962299987674115e+00 3.671281965449452400e+02 3.973907497338950634e+01
7.733668933808803825e-01 9.724654480069876428e-01 7.141324258595704855e-01 4.725377127528190835e-02 3.507550187408924325e-01 2.948582863900810480e+01 4.580957536026835086e+00 6.689657064154744148e+02 3.902098181471228600e+01
8.440588171780110116e-01 9.446329656243324102e-01 6.245482641458510731e-01 5.790663348510861203e-02 2.525155304372310727e-01 2.383380538318306208e+01 4.394343283399939182e+00 1.090076554287225008e+03 4.037655066139996052e+01
8.301855738461018097e-01 9.656704682856798172e-01 6.430562661960721460e-01 5.691125797107815520e-02 2.777158361673355280e-01 2.061031281482428312e+01 4.521122416853904369e+00 6.263683875091373920e+02 3.926298497803509235e+01
7.420737777650355804e-01 9.584641925990581290e-01 6.735931758210063069e-01 4.762560352683067183e-02 3.358873471617698780e-01 3.376230567228049040e+01 4.303451998531818035e+00 1.047478358633816242e+03 4.015003135427832603e+01
7.957143132388592166e-01 9.894300900399685128e-01 6.327360776439309165e-01 5.355141626670956168e-02 3.968811625242233410e-01 2.882733974605798721e+01 4.670526741445065078e+00 9.168663131073117256e+02 4.061723902635276318e+01
8.663915695250035132e-01 9.372238326817751153e-01 7.232902472838759200e-01 4.160891935229301536e-02 2.988711091876030124e-01 2.692440275102853775e+01 4.454017466306686046e+00 4.379612823016941547e+02 3.998135279119014740e+01
8.642009486258029893e-01 9.863358709216117903e-01 6.568260091170667891e-01 5.919041868299245585e-02 3.428106969594955644e-01 3.336534063797444105e+01 4.334738209098577322e+00 8.699053720571100712e+02 3.964262523688375950e+01
7.935299389064311981e-01 9.392074336856603978e-01 6.863078597560524630e-01 4.596144376322627151e-02 2.408114621043205283e-01 2.026733528356999159e+01 4.539908675104380009e+00 4.488082638010382652e+02 4.075673829391598701e+01
7.498831425607204171e-01 9.675955494493245768e-01 6.202556256577372862e-01 5.004902061074972125e-02 3.019669800996780396e-01 2.708053402602672577e+01 4.485328138619661509e+00 5.872993519529700279e+02 4.047586905024945736e+01
8.380012042820453866e-01 9.554670932888984503e-01 7.097550224140286579e-01 4.447692630812526138e-02 3.638054069876671126e-01 2.892759524285793304e+01 4.689337366074323832e+00 1.066191519889980555e+03 3.911291518062353134e+01
8.468730552494525554e-01 9.742294723540544377e-01 6.762180382013320834e-01 4.031716166064143458e-02 3.889270563423633531e-01 3.238367646001279354e+01 4.413724106922745527e+00 6.572569848038256168e+02 4.024950256198644638e+01
7.761776505410671323e-01 9.414748100936413122e-01 6.458238578587770506e-01 5.483462687581777684e-02 2.871767495572566942e-01 2.303658484481275082e+01 4.611680220440030453e+00 1.136148289404809475e+03 3.935507070086896420e+01
8.022452156245708510e-01 9.904697750508785203e-01 7.277847541868686099e-01 4.883203385397792001e-02 2.656699712574481786e-01 2.466285998467355967e+01 4.363178380206226947e+00 8.281826829537749290e+02 3.988499437645077705e+01
8.903388442099094968e-01 9.227150929719210026e-01 6.373803662508725765e-01 5.569383915513753669e-02 3.275816975533962228e-01 3.026083851698786020e+01 4.562292585149407387e+00 4.070864380337297916e+02 4.053009715117514133e+01
8.808290056884289232e-01 9.608572186529636960e-01 7.192885901406407267e-01 5.253707760944962418e-02 2.570531339943408766e-01 2.809804001823067665e+01 4.437220232188701985e+00 7.159502483904361725e+02 4.003822152130305767e+01
8.114426232874393241e-01 9.536118767410517449e-01 6.287671573087573185e-01 4.199833206832408877e-02 3.590525411069393491e-01 2.625464091077446938e+01 4.638104450702667414e+00 1.193302610423415899e+03 3.942557412385940552e+01
7.651442761719227104e-01 9.845973471552134093e-01 6.845970154181122425e-01 5.667815024033188986e-02 3.775441797077656036e-01 2.134620004799216986e+01 4.386654713749885026e+00 7.709176152013242245e+02 3.983046680875122547e+01
8.569688604772091045e-01 9.323520238697529106e-01 6.540855040773748685e-01 4.848378531634807420e-02 3.157056199014187103e-01 3.444054329302161932e+01 4.588700176775455830e+00 3.482841409742832184e+02 4.069390813633799553e+01
8.281739710271358579e-01 9.985750346630811736e-01 6.135174133628606974e-01 4.639314822852611681e-02 2.909355348348617865e-01 3.110166639555245638e+01 4.314264808222651126e+00 9.251909695565700531e+02 3.957257954403758049e+01
7.587729592621326180e-01 9.257034760713577226e-01 7.031338541209697368e-01 5.814218277111649069e-02 3.926859757304191900e-01 2.550734997261315584e+01 4.510254010185599682e+00 5.025583519600331783e+02 4.096750050969421864e+01
7.828041936457157401e-01 9.773348486423492076e-01 6.632126591354607914e-01 4.287799112498760085e-02 3.338424664735794023e-01 2.197631650604307652e+01 4.464883780106902122e+00 5.336617304943501949e+02 4.031160026788711548e+01
8.746141104400158017e-01 9.494633101671934305e-01 6.928118398785590992e-01 5.228386575356125388e-02 2.719305691123008462e-01 3.131974601186811924e+01 4.659714884683490155e+00 1.011013235896825790e+03 3.916796152107417583e+01
8.714246116578578949e-01 9.965708906203508688e-01 7.131042975932360140e-01 5.598760895431041662e-02 3.844464309513568878e-01 3.421330523211508989e+01 4.478630364313721302e+00 1.179234544001519680e+03 4.080559791065752506e+01
7.808469851315021915e-01 9.288162092864513664e-01 6.225899529457091797e-01 4.916303509846329384e-02 2.813632117211818384e-01 2.106039684731513262e+01 4.696703665331006583e+00 7.020890356041491032e+02 3.966798624768853188e+01
7.569899238646030648e-01 9.778305147588253199e-01 6.915359454602002520e-01 5.450431220233439844e-02 2.601749821007251495e-01 2.646720287390053272e+01 4.329622818902135073e+00 3.341173709370195866e+02 3.907583913765847683e+01
8.251232449710369510e-01 9.450758517533540681e-01 6.610315366089344336e-01 4.002285772934555813e-02 3.234098933637142292e-01 2.836922434158623219e+01 4.545729211345315157e+00 7.569834446534514427e+02 4.046216953545808792e+01
8.587500397861004275e-01 9.639945194125175698e-01 6.349946961179375737e-01 4.476817840710282242e-02 3.482288104295730991e-01 3.159101521596312523e+01 4.369737251847982229e+00 5.164641967043280602e+02 3.933361590653657913e+01
7.681968463957309368e-01 9.518660631030798625e-01 7.246040343865751687e-01 5.038238696753978563e-02 2.450624880194663957e-01 2.218902057036757469e+01 4.554790530353784561e+00 9.393311337567865849e+02 4.018892416916787624e+01
8.146303160488606032e-01 9.802347620576620235e-01 6.415667049959301593e-01 4.562861138954758811e-02 3.065244621038437089e-01 2.522140277083963156e+01 4.418789190798998234e+00 1.024902774486690760e+03 4.053207788243889809e+01
8.827880321443081213e-01 9.331063249707222118e-01 6.711587975546717821e-01 5.889847986400127688e-02 3.695397040247917486e-01 3.087434155400842428e+01 4.605806230753660024e+00 5.477564027532935143e+02 3.992597664333879948e+01
8.935467500984668465e-01 9.712484555691480725e-01 6.480706833302974923e-01 5.199169812723994366e-02 2.951048880815506092e-01 2.918366978876292706e+01 4.380831317231058897e+00 4.629862203262746334e+02 3.938843339495360851e+01
8.041841720044613506e-01 9.433769160509110074e-01 6.775454457849263701e-01 4.254492994397878619e-02 3.981882795691490395e-01 2.727798621170222759e+01 4.593812706694007097e+00 8.838764749467372894e+02 4.002457912266254425e+01
7.779788999259471538e-01 9.949885666370391624e-01 6.283735296130180670e-01 5.847593067213892326e-02 3.396486705541610918e-01 2.002593873534351587e+01 4.429863279685378075e+00 1.080468180030584335e+03 4.074270279891788960e+01
8.499054123461247112e-01 9.221170090883971104e-01 7.178658238798379942e-01 4.668478187173605298e-02 2.764136263728141918e-01 3.318250922951847315e+01 4.644811571761965574e+00 6.013434126041829586e+02 3.985588520392775536e+01
8.361993290483951125e-01 9.881838072836399700e-01 6.997975898906588776e-01 4.818909998983144510e-02 2.513212688267230654e-01 3.007792032789438963e+01 4.470754526555538177e+00 1.122132554557174444e+03 4.096942418441176414e+01
7.468514184653758381e-01 9.359384844452143248e-01 6.694105120375751783e-01 5.634745417162775882e-02 3.544877253472805134e-01 2.442131943535059690e+01 4.654646557569503962e+00 6.430069305002689362e+02 3.961362655647099018e+01
7.903214381635188523e-01 9.669436005502939357e-01 7.044910904392599482e-01 4.232956226915120940e-02 3.733004684746265567e-01 2.323417913168668747e+01 4.321775826811790289e+00 3.930870093405246735e+02 3.914644940197467804e+01
8.622625799477100506e-01 9.596982581913471311e-01 6.140937906876205998e-01 5.283107636496424397e-02 3.102850554883480050e-01 3.263983588665723801e+01 4.503704102337360737e+00 8.139781205914914608e+02 4.025108688883483410e+01
8.694519944489002006e-01 9.688516800850629496e-01 6.826295525208115889e-01 4.539304303005337743e-02 3.263918681442737890e-01 2.407580274622887373e+01 4.685884750634431661e+00 3.811825300566852093e+02 4.012496586516499519e+01
7.975070284307003154e-01 9.566841572523117065e-01 6.530628725513816235e-01 5.975912198424339350e-02 2.693970392644405298e-01 2.966920364182442427e+01 4.489492671936750057e+00 8.602935712784528732e+02 3.947960358299314976e+01
7.440408186614513308e-01 9.851114916801452237e-01 7.210729618743061398e-01 4.375134097412228251e-02 2.883617193996906303e-01 3.272999912500381470e+01 4.534869005531072972e+00 1.104037330672144890e+03 3.976044230908155441e+01
8.333849240839481531e-01 9.379439889639615835e-01 6.314963461086153806e-01 5.077429816126823037e-02 3.852048574388027280e-01 2.338565409183502197e+01 4.340440777689217988e+00 6.831608022563159466e+02 4.065464540384709835e+01
8.420899201929569200e-01 9.917551948130131079e-01 6.645355979353189113e-01 5.411484226584434287e-02 3.600338429212570635e-01 2.672649375163018703e+01 4.562526496127247810e+00 1.033256656955927610e+03 3.951809235475957394e+01
7.701693873107433586e-01 9.239614567905665155e-01 6.950649616122245300e-01 4.103725360706448472e-02 3.032782146334648266e-01 2.857080838643014431e+01 4.362045058980584145e+00 6.123792853206396103e+02 4.088127499073743820e+01
8.063687132298946736e-01 9.729953256994485766e-01 6.110885318368672880e-01 5.512940809130668918e-02 2.445878845453262340e-01 3.394559579435735941e+01 4.613500899448990999e+00 4.237284209579229355e+02 4.035132079757750034e+01
8.957372136414051278e-01 9.402016063034535076e-01 7.016351412236689900e-01 4.939616190269589119e-02 3.414945945143699757e-01 2.085216807667165995e+01 4.411052655056119320e+00 9.028403053991496563e+02 3.923746724799275398e+01
8.855974160134791884e-01 9.833339328318834172e-01 6.175923655554652614e-01 4.131766725331544737e-02 2.731584137678146340e-01 2.255649941042065620e+01 4.586126330494880499e+00 9.868122624233365059e+02 3.969809290766716003e+01
8.174459274113178298e-01 9.311276762187481459e-01 7.080219309404491845e-01 5.321804990991949730e-02 3.301530715823173812e-01 3.190450655296444893e+01 4.388573099672794520e+00 5.639599283225834370e+02 4.084199096076190472e+01
7.610062064230441736e-01 9.620742331445217843e-01 6.579145764932036178e-01 4.795843590050935523e-02 3.914630275964737227e-01 3.074755342211574316e+01 4.637068836390972670e+00 4.722601910121738911e+02 4.043712879344820976e+01
8.515656845271587505e-01 9.548679567128419698e-01 6.883266100659966025e-01 5.720319679006934110e-02 2.946200236678123696e-01 2.515049041714519262e+01 4.437551748752594172e+00 9.493919597938656807e+02 3.904243681021034718e+01
8.229374973475933608e-01 9.760616716742516186e-01 7.293347544968128426e-01 5.761286368593573903e-02 3.195176024734973641e-01 2.169248097110539675e+01 4.665515064820647595e+00 3.170521052554249763e+02 4.016373107023537159e+01
7.548006762564182237e-01 9.482291891425848052e-01 6.398751836270093474e-01 4.692277003079652758e-02 3.762730978429317252e-01 3.478957079816609621e+01 4.459941811487079022e+00 7.941847507841885090e+02 3.930006076022982597e+01
7.886612422764300856e-01 9.998213525861501250e-01 6.740161967277527033e-01 5.159740021452307451e-02 3.552356608211994504e-01 2.751094059087336063e+01 4.514516244456172167e+00 1.170035458076745272e+03 3.995599151961505413e+01
8.792353497445584143e-01 9.269888511300087286e-01 6.445668477565049681e-01 4.356414902955293988e-02 2.583291231095790619e-01 2.566296384669840336e+01 4.310909804329275730e+00 7.471822472289204597e+02 4.056837961077690125e+01
8.783821077644825559e-01 9.806914280354976921e-01 6.721387075260281119e-01 5.343109605833887971e-02 2.802156768739223480e-01 2.058550998102873564e+01 4.365791016072035013e+00 6.929358012042939663e+02 4.043959617987275124e+01
7.890335677564144223e-01 9.334454739838838888e-01 6.426943854615092544e-01 4.140819486230611773e-02 3.833869393169879736e-01 3.367893769871443510e+01 4.558850527554750620e+00 1.114037722349166870e+03 3.908477685786783695e+01
7.525045041739940599e-01 9.644512397795915737e-01 7.237117723003029246e-01 5.741471705958246796e-02 3.243816517293452995e-01 2.874223012477159500e+01 4.416776100546121242e+00 8.498524188995361328e+02 3.967909214645624161e+01
8.244450546801089796e-01 9.522053055465221627e-01 6.342480891570448920e-01 4.804865833371877587e-02 2.613711972534656369e-01 2.689791548997163773e+01 4.607896270602941158e+00 3.709693855606019497e+02 4.078470540605485439e+01
8.507392765581608396e-01 9.787414272874593868e-01 6.597879409044981047e-01 4.705304678529501072e-02 2.465223702788352789e-01 2.367610874585807323e+01 4.482667538896203396e+00 8.915194085799157619e+02 3.992121983133256435e+01
7.613761071860790652e-01 9.458692577481270236e-01 6.902031721174717305e-01 5.778631327673793006e-02 3.496009546518326072e-01 3.302045377902686596e+01 4.692731447890401419e+00 4.126372084021568298e+02 4.055834386497735977e+01
8.151717494428157851e-01 9.974815580248832525e-01 6.232185292989015357e-01 4.369289990514516747e-02 3.682555982470512301e-01 2.951791635248810053e+01 4.331735717132687569e+00 6.230340287089347839e+02 4.021295998431742191e+01
8.870976324379444833e-01 9.296094074100256233e-01 7.136458116769790472e-01 5.177054462954401581e-02 3.050155943632125721e-01 2.392451545689254999e+01 4.543742114678025246e+00 1.044135116692632437e+03 3.932711816206574440e+01
8.965685020387172965e-01 9.665015089511871382e-01 6.167146935686469433e-01 5.985880486667155553e-02 3.996481618285179227e-01 2.608295125886797905e+01 4.468668188154697241e+00 9.593871144577860832e+02 3.986625032126903534e+01
8.060134585201740309e-01 9.593736838549375978e-01 7.072590208426117186e-01 4.561402374878525956e-02 2.964770323038101174e-01 2.793092800304293633e+01 4.656663361191749395e+00 4.820404269732534885e+02 4.072253581695258617e+01
7.724484504759311365e-01 9.877418094128370685e-01 6.664089639112352748e-01 5.087489657104014851e-02 2.751295205950736733e-01 3.471380015369504690e+01 4.317707514762878063e+00 5.537380733527243137e+02 4.000224396213889122e+01
8.406043545901775715e-01 9.356139642000198542e-01 6.969415261223912417e-01 4.397445792332291270e-02 3.381398028135299549e-01 2.161671032663434744e+01 4.507642035186290919e+00 9.763798205181956291e+02 3.939711766131222248e+01
8.342332856357097537e-01 9.940632323175668805e-01 7.154499843716621843e-01 4.121985847130418129e-02 3.533401905000209675e-01 2.472134057898074389e+01 4.382822139188647270e+00 7.360823644325137138e+02 4.027586202509701252e+01
7.436538471281528562e-01 9.213091810047626673e-01 6.258692572265863729e-01 5.425305359065532573e-02 2.502617771923542067e-01 3.031840358395129442e+01 4.591703545674681308e+00 1.158723231498152018e+03 3.913922759518027306e+01
7.997983153164386350e-01 9.703229130804539304e-01 6.807520572841166961e-01 4.957968229427933693e-02 3.112568138539791307e-01 3.197477688081562519e+01 4.433827206119895337e+00 8.050579332746565342e+02 3.960863491706550121e+01
8.679297862946987463e-01 9.425688431411981538e-01 6.511904051154852047e-01 5.526975564658641316e-02 3.744966836273670441e-01 2.262676973827183247e+01 4.640766118094325599e+00 3.277121258899569511e+02 4.099594025313854218e+01
8.601202736794948400e-01 9.735595631599426314e-01 7.026181652396916721e-01 4.267848718911409350e-02 2.684351991117000513e-01 3.118493065703660250e+01 4.573038582876324476e+00 7.597345897927880287e+02 4.063011225499212742e+01
7.919828231632709548e-01 9.407264529913663687e-01 6.122167532145976754e-01 5.215988328680395969e-02 3.251857347786426544e-01 2.553199187386780977e+01 4.351657224074005903e+00 3.370791164226830006e+02 3.976741831377148628e+01
7.458443106710910264e-01 9.923191874474287522e-01 6.941700432449579017e-01 4.681986499577760891e-02 3.863424740731716267e-01 2.200293608941137791e+01 4.622027960792183698e+00 6.986856845207512379e+02 3.948484151624143124e+01
8.364178268611430767e-01 9.244860953092575162e-01 6.637879922986030801e-01 5.864442100748419595e-02 2.894311292469501362e-01 3.140493073500692844e+01 4.402589001134037616e+00 1.176046098209917545e+03 4.009820731729269028e+01
8.477899448573589236e-01 9.858367077261209754e-01 6.302496363595128104e-01 5.655416777357458874e-02 3.045527073740958990e-01 2.806413555517792702e+01 4.675473997741938170e+00 5.434750104323029518e+02 3.922685965150594711e+01
7.796378649771213976e-01 9.386298222839832839e-01 7.197396476194262149e-01 4.828428138047456686e-02 3.615523236989974798e-01 2.616211408749222755e+01 4.499978872388600948e+00 1.020834557432681322e+03 4.037173407338559628e+01
8.031990535557269606e-01 9.695769502222537639e-01 6.536941051855683638e-01 5.303931584581732250e-02 3.400443252921104831e-01 2.125564375426620245e+01 4.526428305357694803e+00 9.429603201337158680e+02 4.090336434915661812e+01
8.937579022347927893e-01 9.573700843006373029e-01 6.831720652803778826e-01 4.242504883557558087e-02 2.432061272859573353e-01 3.440855213906615973e+01 4.348993737250566483e+00 5.203057134523987770e+02 3.950965007580816746e+01
8.849083848297596422e-01 9.992524586617946847e-01 6.471901279687881647e-01 4.934159623458981431e-02 3.314275643229484536e-01 3.223448260687291622e+01 4.673968878015876349e+00 6.043138551525771618e+02 3.904695115797221661e+01
8.129860018193721949e-01 9.264593482762575327e-01 6.767854190617799137e-01 5.613276287913322726e-02 2.746768945455551059e-01 2.282882585190236568e+01 4.451404921337962506e+00 1.083210628107190132e+03 4.041110908985137939e+01
7.691868452727794736e-01 9.754925698786973687e-01 6.368708004057407335e-01 4.020050333812832943e-02 2.931697544455528215e-01 2.445313046220690012e+01 4.524906254932284710e+00 8.806932795792818069e+02 4.081770932860672474e+01
8.585535337030887337e-01 9.476994411647320371e-01 7.264778565615415129e-01 5.464732989668846103e-02 3.900812703371048240e-01 3.010973135475069284e+01 4.300399905070662498e+00 4.595776188187301159e+02 3.970483265444636345e+01
8.272606660425663172e-01 9.613538261502981852e-01 6.859083932265639394e-01 5.048794433474540488e-02 3.753112576901912467e-01 3.356772806029766798e+01 4.577563554048538208e+00 8.099151673726737499e+02 4.059119496867060661e+01
7.553138880431652380e-01 9.541869321465492604e-01 6.554090121760963727e-01 4.498648868873715567e-02 3.183114691078662850e-01 2.041115756612271070e+01 4.397003994882107136e+00 3.888003531843423843e+02 3.994680798240005970e+01
7.818492124974727453e-01 9.826136192679405523e-01 7.112313775345683320e-01 5.900312170386314004e-02 2.594667397439479606e-01 2.722237862646579742e+01 4.626584835350513458e+00 6.468571309000253677e+02 3.928920114040374756e+01
8.711914677917957928e-01 9.304467060416937718e-01 6.207129215076565565e-01 4.584478544071316636e-02 3.563050706684589564e-01 2.912806220352649689e+01 4.447964712977409363e+00 1.125753057282418013e+03 4.018438111059367657e+01
8.730040325224399655e-01 9.631683031469583378e-01 6.688360286876559035e-01 4.213372036814689442e-02 3.088209375739097706e-01 2.986830256413668394e+01 4.616942850500345585e+00 1.069152836222201586e+03 3.979674846865236759e+01
7.848903863131999614e-01 9.509614367783070232e-01 6.984384222701192080e-01 5.270587312057613966e-02 3.669874888658523626e-01 2.427032403182238340e+01 4.408439912647009074e+00 5.900509262457489967e+02 4.068281904235482216e+01
7.585324512422084720e-01 9.819279815256595212e-01 6.153936001285910118e-01 4.861703738570213179e-02 3.458004805445671348e-01 2.308487530797719955e+01 4.566310148686170578e+00 4.456202471628785133e+02 4.008847323618829250e+01
8.292078955471515744e-01 9.347210965305566832e-01 7.050077444687485873e-01 5.684603022411465617e-02 2.477856200933456488e-01 3.243196692317724228e+01 4.358992768079041902e+00 8.665015918202698231e+02 3.945160872489213943e+01
8.553367884457111492e-01 9.962279200553894043e-01 6.789695309102534715e-01 5.835072742775082588e-02 2.626044569909572468e-01 2.932563151232898235e+01 4.531475220993161024e+00 4.030186501331627369e+02 4.031512100249528885e+01
7.672378097474574776e-01 9.283948289602995674e-01 6.484630616754293309e-01 4.648893997073173801e-02 3.206880576908588409e-01 2.747857029549777508e+01 4.343101674690842628e+00 8.239008614793419838e+02 3.920924822054803371e+01
8.111752812564373416e-01 9.799682229012250945e-01 7.174156305193900574e-01 5.249027417972683407e-02 3.821488116681576175e-01 2.022820724640041590e+01 4.682051417604088606e+00 1.139989376999437809e+03 3.955460158362984657e+01
8.818653549253940849e-01 9.471351116895675437e-01 6.268900720030069484e-01 4.297286733984947288e-02 2.839141292870044908e-01 3.332621260080486536e+01 4.492495270445942879e+00 6.608866003341972828e+02 4.090919215418398380e+01
8.919660310447216078e-01 9.890174623578786850e-01 7.259117970243096352e-01 4.613939454779028559e-02 3.707293139398097903e-01 3.161751767620444298e+01 4.517567467689514338e+00 3.510270182043313980e+02 4.040131008438766003e+01
8.001370312273502483e-01 9.368505492806434853e-01 6.355032825097441940e-01 5.933374155312776121e-02 3.125626285374164537e-01 2.227408817037940025e+01 4.307125096023082911e+00 7.738876285962760448e+02 3.901377572119235992e+01
7.764401121437549680e-01 9.652575907111168307e-01 6.705905525758861785e-01 4.465518226847052519e-02 2.540242408215999670e-01 2.530478594359010458e+01 4.668126930296421229e+00 1.189893579762428999e+03 3.973409809358417988e+01
8.458220599591732558e-01 9.580906965583563251e-01 6.402014134451746719e-01 5.019386935979128217e-02 3.520392723381519651e-01 3.089910236652940512e+01 4.456498995423316956e+00 7.127674821764230728e+02 4.087047326192259789e+01
8.396161673963069561e-01 9.715887938439846661e-01 6.221318072825670065e-01 5.493957389146089665e-02 3.369469961524009793e-01 3.412263717968016863e+01 4.634065577015280546e+00 1.006726150587201118e+03 3.999170219525694847e+01
7.478116007149219202e-01 9.437956643849612082e-01 7.116289067268370960e-01 4.053364088758826256e-02 2.788632231950760043e-01 2.102829393465071917e+01 4.441384432837367058e+00 5.295992064289748669e+02 4.059708775766193867e+01
7.937753273546696020e-01 9.928486079722642632e-01 6.624493842571973490e-01 5.579909134656190622e-02 2.976747462153434554e-01 2.643340838141739368e+01 4.583464963361620903e+00 5.061792838387191296e+02 4.012771095335483551e+01
8.631816701591015217e-01 9.200554983317852376e-01 6.919344468414783123e-01 4.905003895983099660e-02 3.959095615148544578e-01 2.827680748887360096e+01 4.391966425999998869e+00 9.290407408028841019e+02 3.927165448479354382e+01
8.659924273192882715e-01 9.910826738923788071e-01 6.383622069656849085e-01 5.147830063477158713e-02 2.420174381136894204e-01 2.184360154438763857e+01 4.422573796287179171e+00 4.961119517683982849e+02 3.910232331231236458e+01
7.965895654261112568e-01 9.232105234265327587e-01 7.289140801876783371e-01 4.335976235568523435e-02 3.437726849317550570e-01 3.499925651121884584e+01 4.602754892781376839e+00 9.732517889700829983e+02 4.049626659788191319e+01
7.406223340332508398e-01 9.748424693942070451e-01 6.449296927452087269e-01 5.811998480930924416e-02 3.627361449599266208e-01 2.771871299482882023e+01 4.373180155828594984e+00 9.905431858263909817e+02 4.077881287783384323e+01
8.324304388463497073e-01 9.419702997058629901e-01 6.754698152095078845e-01 4.734460406005382149e-02 3.008292061090469538e-01 2.581211389042437077e+01 4.552178740873932483e+00 5.676688358187675476e+02 3.963419773243367672e+01
8.436376856267452373e-01 9.683502100408077906e-01 7.085095236822962494e-01 4.775404922664165663e-02 2.856581209599972082e-01 2.235607625916600227e+01 4.325790058821439743e+00 1.144820791482925415e+03 4.050557973049581051e+01
7.742494912445545552e-01 9.561042750626802533e-01 6.189212362840771364e-01 5.708409721031784678e-02 3.876527209579944677e-01 3.176264854148030281e+01 4.548732382804155705e+00 7.219456083141267300e+02 3.989195465296506882e+01
8.079526616632938252e-01 9.870903188735247191e-01 6.869383668527007103e-01 4.173950128257274822e-02 3.289636121690273640e-01 3.060377494897693396e+01 4.475237152725457968e+00 3.138191289268434048e+02 3.936029385961592197e+01
8.997753958404064445e-01 9.398443655669689312e-01 6.573691687360405655e-01 5.372517103329300936e-02 2.671200926601886572e-01 2.494808958377689123e+01 4.699365135282278061e+00 7.909597992897033691e+02 4.022275878861546516e+01
8.890558375418186055e-01 9.767365197092294782e-01 6.954343882948159639e-01 5.556344922631979016e-02 3.575339125096798076e-01 2.664126521907746792e+01 4.324388648197055041e+00 1.099856361094862223e+03 4.071670773625373840e+01
8.183598034083843231e-01 9.489824493229389590e-01 6.659825202822684531e-01 4.991060731932520783e-02 2.557787986099719912e-01 2.854420221410691738e+01 4.500262242183088901e+00 6.789612902328372002e+02 3.982129902951419353e+01
7.644282780587673409e-01 9.979767645895480932e-01 7.001306899636983161e-01 5.392266269773245135e-02 3.170875345170497961e-01 3.392091008368879557e+01 4.473806705698370578e+00 3.566961837932467461e+02 3.941472930833697319e+01
8.525213153660297083e-01 9.252227137237787336e-01 6.106594465672969818e-01 4.092547832056880192e-02 3.789943011105060822e-01 2.076891722623258829e+01 4.650862805172801373e+00 8.358118199743330479e+02 4.005885675735771656e+01
8.213934715092182648e-01 9.838282692432404053e-01 6.516680485382675414e-01 4.426578639075159916e-02 3.938919517397880821e-01 2.410778048913925886e+01 4.427202482521534144e+00 4.266494848765432835e+02 3.917246011085808277e+01
7.507218705117701951e-01 9.317004250735044790e-01 6.820908400043844688e-01 5.120833929628133829e-02 2.918975228071212791e-01 2.975980374496430159e+01 4.648205468058586476e+00 9.057660011574625969e+02 4.028559632226824760e+01
7.870759956538677660e-01 9.600878911465406951e-01 6.319754143431782767e-01 4.528126774355769463e-02 2.708613070845604098e-01 3.282251253724098206e+01 4.377828627824783325e+00 1.058137950114905834e+03 4.094323368184268475e+01
8.751934279501438763e-01 9.529600650072097556e-01 7.224102426692843304e-01 5.956694241613149504e-02 3.327046924829483165e-01 2.341960236430168152e+01 4.597645960748195648e+00 6.372419991530478001e+02 3.957930448651313782e+01
8.755903939902782707e-01 9.601774363219738317e-01 6.983467509597539591e-01 4.302772888913750787e-02 3.812346421182155609e-01 2.851908205542713404e+01 4.346306507661938490e+00 3.141121904365718365e+02 3.998639751784503460e+01
7.874529530107975406e-01 9.530099184066057605e-01 6.687519185245036635e-01 5.243534035980701447e-02 2.829947717487811820e-01 2.667568115983158350e+01 4.528246939554810169e+00 7.932210858911275864e+02 4.060055562853813171e+01
7.509991903603077112e-01 9.839370978623628305e-01 7.049160812050103697e-01 4.654382178559899469e-02 2.641488240659236597e-01 2.080043981783092022e+01 4.495345691218972206e+00 1.170558380708098412e+03 4.013215777464210987e+01
8.215726970136165708e-01 9.317695997655391915e-01 6.153094819188117404e-01 5.829577334225177765e-02 3.222272367775440571e-01 3.389478485099971294e+01 4.679225565865635872e+00 7.496839980594813824e+02 3.926928092166781425e+01
8.529451201856136366e-01 9.979294385761022790e-01 6.488472368195652429e-01 5.683019228279589941e-02 3.473790249228477789e-01 2.973557841032743454e+01 4.405187020450830104e+00 9.873875434510409832e+02 4.040565467998385429e+01
7.647930498421192658e-01 9.251356956362725148e-01 6.793470747396349596e-01 4.863294610753655239e-02 2.493687421083450317e-01 2.414126377552747726e+01 4.620123060792684200e+00 5.665123175829648972e+02 3.901126787252724171e+01
8.186688782274722520e-01 9.766697195172310275e-01 6.272742534056305885e-01 5.269001491367816814e-02 3.078628250956535473e-01 2.345203078817576170e+01 4.356191944330930710e+00 4.692679177969694138e+02 3.972865912318229675e+01
8.892277173697948900e-01 9.488759955018759573e-01 7.177931680902838174e-01 4.214964935556054365e-02 3.660339540243149337e-01 3.279545850586146116e+01 4.569185585528612314e+00 9.483776564709842205e+02 4.087383891455829144e+01
