# $\sigma_8$ $n_\mathrm{s}$ $h$ $\Omega_\mathrm{b}$ $\Omega_\mathrm{m}$ $\zeta_\mathrm{UV}$ $T_\mathrm{vir}$ $E_0$ $L_\mathrm{X}$
8.321351280309259302e-01 9.827173722092062969e-01 6.683630554176867022e-01 4.817867636207491533e-02 2.890160190911963412e-01 2.841053815558552742e+01 4.469013845548033714e+00 6.502912184223532677e+02 3.937355122156441212e+01
7.985925860576331692e-01 9.448092452012002429e-01 6.836206848345697251e-01 5.267501436492428440e-02 3.172609120031818497e-01 2.650393726304173470e+01 4.655628092214465497e+00 1.129408584628254175e+03 4.022893537208437920e+01
7.850472385309636980e-01 9.702435711793602202e-01 6.566476896949111630e-01 4.641858218137175085e-02 3.439688958453014367e-01 2.112963245715945959e+01 4.319607971236109734e+00 8.062613532878458500e+02 4.051148356311023235e+01
8.119880844898521577e-01 9.559604337666183227e-01 7.018994365803897795e-01 4.991909444650635685e-02 2.975429165458306491e-01 3.428528921213001013e+01 4.505064031109213829e+00 3.853645524010062218e+02 3.990542754530906677e+01
8.237493600197136612e-01 9.684763381466269250e-01 6.884339384719729837e-01 5.082404704710469234e-02 3.089961396075784905e-01 3.082730569411069155e+01 4.379444661736488165e+00 8.770978337153792381e+02 4.076949295401573181e+01
7.902159661673009428e-01 9.643644475381821790e-01 6.736288117974996714e-01 4.577961429480463529e-02 3.372121148493140708e-01 2.517162211704999208e+01 4.595953930914402186e+00 4.562001795507967472e+02 3.963195718638598919e+01
8.102951891593634937e-01 9.796377094279975495e-01 6.926474776104092346e-01 5.231786772927269485e-02 3.286292367272078963e-01 2.211040080524981022e+01 4.428903894126415608e+00 6.076895744539797306e+02 3.910029448196291924e+01
8.372451975442468664e-01 9.519008088842034754e-01 6.478518884241580844e-01 4.826977951351553442e-02 2.820940699439495880e-01 3.151697129942476749e+01 4.646574306488036932e+00 1.086807793937623501e+03 4.048667010851204395e+01
8.407088515035807674e-01 9.738838784810155413e-01 6.967782998256385474e-01 4.536345859097316857e-02 3.235391910292207962e-01 3.322130534332245588e+01 4.371500058844685732e+00 9.465557693503797054e+02 4.094889791868627071e+01
8.067143217720090798e-01 9.569957712799310734e-01 6.520413761384784568e-01 5.096994095474481623e-02 2.952943593051284288e-01 2.006931069772690535e+01 4.553831121698022066e+00 5.236831493675708771e+02 3.959302466362714767e+01
7.940458607919513856e-01 9.837328208744525737e-01 6.841273348949848954e-01 4.924841445909813181e-02 3.049610547713935138e-01 2.734836623072624207e+01 4.420930344238877652e+00 5.400992877781391144e+02 3.918645303882658482e+01
8.195679288230836024e-01 9.484697242345661028e-01 6.693807306684553815e-01 5.160125858515501179e-02 3.513869560223072952e-01 2.925130501389503479e+01 4.604419599846005795e+00 1.017237394955009222e+03 4.029104502871632576e+01
8.153363864742219080e-01 9.753210692651570479e-01 6.598996788620948850e-01 5.335238524705171459e-02 3.400584874602034513e-01 3.259211338125169277e+01 4.479990316182375309e+00 6.952516003511846066e+02 3.941294153407216072e+01
7.813473427541554051e-01 9.502291940826922412e-01 7.050927606955170734e-01 4.723097883390262736e-02 3.118425908109173084e-01 2.318920499645173550e+01 4.694535737484693882e+00 1.172390567511320114e+03 4.004901164211332798e+01
8.025414947666227317e-01 9.667846767831593802e-01 6.650524721652268934e-01 4.973344347804785348e-02 2.838012795375660091e-01 2.434567513410001993e+01 4.330604328960180105e+00 7.633884005248546600e+02 4.070665090531110764e+01
8.280690631143748925e-01 9.600678113795817481e-01 6.802515795812010824e-01 4.686619410144165360e-02 3.303363856768235518e-01 2.999769660178571939e+01 4.543988601118326365e+00 3.405149205587804317e+02 3.981978782080113888e+01
8.272498601548373687e-01 9.657866214331239929e-01 6.536008861646055434e-01 5.215031549839303088e-02 3.013141802625730614e-01 2.331596071831882000e+01 4.663370834290981648e+00 8.014573375694453716e+02 3.955626517161726952e+01
8.017200709380208901e-01 9.616542208999395713e-01 6.983837686091661778e-01 4.870298821937293215e-02 3.460336082821712234e-01 3.266305054537951946e+01 4.461325365304946722e+00 3.243329700082540512e+02 4.091940184123814106e+01
7.842781523115932574e-01 9.769377185463905544e-01 6.718787232771515905e-01 5.045728417245671366e-02 3.180610613228753158e-01 2.963017864618450403e+01 4.512750408053397777e+00 7.394632335752248764e+02 4.032505793869495392e+01
8.182649537049233590e-01 9.491803085472434454e-01 6.866674882531166313e-01 4.588078364443034379e-02 2.915227202346548641e-01 2.403220190200954676e+01 4.311866183578968226e+00 1.162322113942354918e+03 3.921112733893096447e+01
8.206219037495553481e-01 9.854288980312645441e-01 7.036630311407149341e-01 4.632052568804472664e-02 2.801588517569005288e-01 2.092758349608629942e+01 4.585141794010996641e+00 5.571704442612826824e+02 4.008293276838958263e+01
7.951012626536190231e-01 9.475002662617713067e-01 6.583988063953816194e-01 5.028274459151551440e-02 3.249785561274737278e-01 3.402559063863009214e+01 4.390310683473944486e+00 9.800301980227231979e+02 3.943752451241016388e+01
8.040182913340627735e-01 9.729653308022767622e-01 6.778870206125080511e-01 4.774858051251620189e-02 3.345759281583130518e-01 2.861921753734350204e+01 4.635705810412765082e+00 9.557350169867277145e+02 3.978287597186863422e+01
8.380142551533877882e-01 9.586616887845098578e-01 6.626132583789526853e-01 5.283945386616513418e-02 3.080754158731550119e-01 2.677215453237295151e+01 4.439716602489352404e+00 4.786097760312259197e+02 4.067700200900435448e+01
8.343148511148988922e-01 9.780146512988955321e-01 6.820179169237613470e-01 4.936873249329627039e-02 3.477405392669141171e-01 2.508148368913680315e+01 4.564691325277090428e+00 6.196016611531376839e+02 4.013739872723817825e+01
8.073661623768508822e-01 9.529432858847082244e-01 6.668026771381496687e-01 4.696531358772888798e-02 3.030210506033152451e-01 3.067579832393676043e+01 4.360682103782892227e+00 1.040484735835343599e+03 3.927377507649362087e+01
7.910356215260923030e-01 9.694884927742183356e-01 6.993563532441854358e-01 5.318690111853182495e-02 2.943693711824715287e-01 3.186250609345734119e+01 4.615238506346940994e+00 8.951715026982128620e+02 3.999409553781151772e+01
8.245703278727829488e-01 9.627921369824559150e-01 6.541507939979434028e-01 4.766212146395817917e-02 3.209077908631414178e-01 2.251907837577164173e+01 4.410068046301603317e+00 4.160678626969456673e+02 4.060656000114977360e+01
8.146845744796097355e-01 9.711710908696055133e-01 6.751306401364505216e-01 4.881623429471627224e-02 3.323964160161093084e-01 2.574089696630835533e+01 4.686841059103608487e+00 8.534530179575085640e+02 3.972047234512865543e+01
7.877413717530667991e-01 9.543034885864705164e-01 6.898608831115067286e-01 5.176778037466109317e-02 2.875766335969790477e-01 2.758429786190390587e+01 4.487726860120892169e+00 3.743485380895435810e+02 4.086441705003380775e+01
7.975390671066939774e-01 9.810097595643252344e-01 6.502903754435479522e-01 4.526330157035961949e-02 3.143539735080674302e-01 3.483683553989976645e+01 4.536252631619572817e+00 6.895549287088215351e+02 4.039504215680062771e+01
8.310792737700044563e-01 9.457671673730015938e-01 6.950145928360521586e-01 5.133568960048258412e-02 3.408545469811186113e-01 2.174249050673097372e+01 4.338296524062752901e+00 1.110438843257725239e+03 3.900042653828859329e+01
8.298726737745105719e-01 9.709132495470345070e-01 6.854617133162915765e-01 5.298129669243470397e-02 2.826743165023624660e-01 2.270248645916581154e+01 4.520165346190333722e+00 1.054758794233202934e+03 4.089404062554240227e+01
7.968083231769502728e-01 9.566096077639609785e-01 6.702426934041082474e-01 4.787252477921545568e-02 3.268902655180543348e-01 3.210447931662201881e+01 4.305217048153281212e+00 6.336414034478366375e+02 3.950740570016205311e+01
7.870622143022716344e-01 9.820643583167344426e-01 6.962385919861495687e-01 5.015857331866398899e-02 3.366296337090432522e-01 3.047777125146239996e+01 4.669142353162169634e+00 4.302483673207461834e+02 3.922482699155807495e+01
8.135437516368925204e-01 9.441357263125479404e-01 6.510292597658932090e-01 4.617897465445101185e-02 3.107373497497290527e-01 2.482483425643295050e+01 4.456160957738757311e+00 9.091468703001737595e+02 4.036213378421962261e+01
8.252497235931456343e-01 9.803022649105638253e-01 6.642747307926416545e-01 4.602155644811690288e-02 2.992264444531873013e-01 2.148598328698426485e+01 4.628252772986888530e+00 3.603465612977743149e+02 3.949810270778834820e+01
7.921762105695903111e-01 9.525448543637990984e-01 6.790087467417120770e-01 5.058223361188546319e-02 3.434090028276667317e-01 3.463889345992356539e+01 4.446324491500854847e+00 8.392441908828914165e+02 4.010438770055770874e+01
8.085729818664491031e-01 9.678387060523033769e-01 6.609960165977477597e-01 4.857774692393839605e-02 3.155796181337907624e-01 2.782618441618978977e+01 4.579219165444373907e+00 1.096425710152834654e+03 4.063601988740265369e+01
8.350453710801899465e-01 9.637063060667365733e-01 7.057240141168237280e-01 5.200976963752881183e-02 2.895736737197264765e-01 2.592416116036474705e+01 4.395327128469944000e+00 6.753091927617788315e+02 3.978089503571391106e+01
8.392140097044408220e-01 9.830592359587549955e-01 6.576268417187034476e-01 5.119530589591712172e-02 3.297378194632008541e-01 2.376136537175625563e+01 4.620399672165513394e+00 3.101687480695545673e+02 3.928741719573736191e+01
8.047559370346367702e-01 9.478166436892002666e-01 7.024135042898357328e-01 4.513822243122384004e-02 2.855218098035082197e-01 2.941796447616070509e+01 4.404293285682797432e+00 7.875274317339062691e+02 4.017453979514539242e+01
7.957735326386987662e-01 9.745331084918230635e-01 6.674681247569620446e-01 5.189263257097453258e-02 3.124433736579492749e-01 3.294850774109363556e+01 4.571349425986409365e+00 1.148251445777714252e+03 4.058114193752408028e+01
8.217695577315985433e-01 9.576655062869191548e-01 6.822606627069413010e-01 4.895690985528752120e-02 3.383357362097129117e-01 2.354285277426242828e+01 4.353276130929589094e+00 7.255977024324238300e+02 3.994530060328543186e+01
8.175933761768042762e-01 9.661264711622148393e-01 6.919905804827809481e-01 4.752066773680970607e-02 3.496862397558987423e-01 2.699890269897878170e+01 4.531233324855565847e+00 9.939223383553326130e+02 4.082336976565420628e+01
7.831298031903803913e-01 9.594301157616078601e-01 6.467225827634334179e-01 5.306282715212554124e-02 3.055036033328622502e-01 2.890458806417882442e+01 4.344216290861368179e+00 5.712694348767399788e+02 3.971854900196194649e+01
8.005209972210228786e-01 9.759651688806713077e-01 6.896511311814188527e-01 4.708909576145932363e-02 2.969928583942353928e-01 3.381346146110445261e+01 4.680242515355348409e+00 4.925130726769566536e+02 3.906094025634229183e+01
8.265115363024174711e-01 9.508938030753284476e-01 6.743735888212919471e-01 4.951041322659701510e-02 3.229988639961928198e-01 2.065688917879015207e+01 4.495189242810011088e+00 9.698709164746105671e+02 4.041655399650335312e+01
8.292061845086514671e-01 9.775907565340400396e-01 7.002228954046965104e-01 4.841123324066400752e-02 3.063726795904338496e-01 2.896547588519752026e+01 4.312905618548392717e+00 5.098348111845552921e+02 4.020742331631481647e+01
8.032169722266495615e-01 9.498538559120148772e-01 6.554824276253580217e-01 5.244194169567897856e-02 3.351210515063255957e-01 2.712115946225821972e+01 4.512422700226307093e+00 9.324748283252120018e+02 3.931303777918219566e+01
7.820744639135897014e-01 9.651169239770621688e-01 6.810085453450679394e-01 4.565583212107419964e-02 3.266835264481603995e-01 2.034046194050461054e+01 4.463903032243251801e+00 1.003290349803864956e+03 3.990735116414725780e+01
8.165393422417343006e-01 9.610050334468484001e-01 6.662583898738025923e-01 5.068236631380394069e-02 2.796114900197833597e-01 3.343389144632965326e+01 4.661456257104873657e+00 5.259453923441469669e+02 4.055253063142299652e+01
8.188410459332168267e-01 9.736029888693243928e-01 6.490429631792008491e-01 5.005947815107181925e-02 2.909265939222648867e-01 3.021036937367171049e+01 4.435458188876509666e+00 1.186516140494495630e+03 3.968075190484523773e+01
7.928426712252200081e-01 9.593198518477380476e-01 6.942395962573587598e-01 4.654366132050753030e-02 3.197797151600941801e-01 2.461697026621550322e+01 4.639064623042941093e+00 7.091720363125205040e+02 4.079491129331290722e+01
8.055774198718368417e-01 9.847643315963446886e-01 6.757591487638652250e-01 5.255016216861084499e-02 3.466275000127032602e-01 2.296185601502656937e+01 4.384514323994516793e+00 3.546241840347647667e+02 4.044952931627631187e+01
8.400331500791012873e-01 9.468562041971833043e-01 6.909618002720177010e-01 4.803800080150365942e-02 2.995977653583511424e-01 3.230619926005601883e+01 4.590087571367621244e+00 7.772633478976786137e+02 3.908665214665234089e+01
8.361011734850704036e-01 9.688392812259495335e-01 6.723900426164268751e-01 4.672542129775509451e-02 3.425399578439071724e-01 3.448277269024401903e+01 4.415111524611711857e+00 1.143366812914609909e+03 3.959500533901154995e+01
8.096265562497079182e-01 9.621224160570651662e-01 6.876512161254882960e-01 4.960849403861910395e-02 3.137916471159085674e-01 2.138568107504397631e+01 4.609539758414030075e+00 6.644820495508611202e+02 4.098988024145364761e+01
7.894820147626101514e-01 9.786882127452641855e-01 6.522362881883978503e-01 4.735622012933716346e-02 2.858890055568888977e-01 2.632112999446690083e+01 4.364138527959585012e+00 3.994214876554906368e+02 4.026959029771387577e+01
8.225532926119863975e-01 9.535963373281061140e-01 6.974915863186120779e-01 5.349293110791594058e-02 3.329609639367088758e-01 2.816910852678120136e+01 4.560530612617730739e+00 8.205251388251781464e+02 3.912587458267807961e+01
8.127227283515036094e-01 9.803656715270132604e-01 6.767604633219539423e-01 5.145941575888544894e-02 3.214854604594409304e-01 3.127545667812228203e+01 4.336479653790592970e+00 4.419647164642810822e+02 4.001193553581833839e+01
7.862426107995211799e-01 9.451025743395090606e-01 6.619517854027450188e-01 4.912447019239887802e-02 2.926324178140610188e-01 2.192745132371783257e+01 4.538927904143929659e+00 8.630675076507031918e+02 3.939924208261072636e+01
7.997372909508645433e-01 9.718292698919773764e-01 7.044123840130865899e-01 5.109411222759634164e-02 3.024455976404249458e-01 2.542781462427228689e+01 4.487496757879853249e+00 1.072588640358299017e+03 3.986864749342203140e+01
8.328030827887356047e-01 9.549411632385105264e-01 6.596132507346570417e-01 4.550500962456688336e-02 3.494752716507762980e-01 3.102487584110349417e+01 4.687978200986981925e+00 5.937047369778156281e+02 4.073201186023652554e+01
8.334151167295872353e-01 9.674375440705568208e-01 7.053511625885963143e-01 4.968600788425654724e-02 3.275118507530540013e-01 3.250692508183419704e+01 4.632312686741352437e+00 5.372571763582527637e+02 4.035322681255638599e+01
7.989522375412285715e-01 9.633664994038642071e-01 6.605495087042450031e-01 4.678444888202473728e-02 2.833270210839807790e-01 2.316258183680474758e+01 4.442378172278404591e+00 1.014390675164759159e+03 3.924743063375353813e+01
7.863428571321070537e-01 9.799012114353478076e-01 6.795719204455613616e-01 5.357109345208853346e-02 3.100355621438473652e-01 2.432102250400930643e+01 4.581309312582016346e+00 9.218152502551674843e+02 3.952826745621860027e+01
8.123340757064521078e-01 9.522051770169287499e-01 6.647653058156370864e-01 4.741537741331383615e-02 3.360393048815429329e-01 2.991442161146551371e+01 4.393314145505428314e+00 4.989611861295998096e+02 4.088290444016456604e+01
8.231570930652319928e-01 9.817478720307351026e-01 6.512995791606605023e-01 4.916666923968121550e-02 3.429300653358921536e-01 3.325331437867134809e+01 4.516193021461367252e+00 7.674835276789963245e+02 3.975465980172157288e+01
7.886996998883784027e-01 9.438805911209434685e-01 6.965532713182270852e-01 5.155382299136370555e-02 2.987162483783438738e-01 2.015988487284630537e+01 4.309254115447402000e+00 3.446286136284470558e+02 4.064080698601901531e+01
8.097167255230247607e-01 9.705967148359865293e-01 6.695769875667989535e-01 4.554785717038437737e-02 2.901328135823830756e-01 2.744091808795928955e+01 4.667155339941382763e+00 7.196040624752640724e+02 4.011085469648241997e+01
8.357134444139897589e-01 9.563544433921575827e-01 6.848393097318709044e-01 5.118864915978163510e-02 3.160274384545162518e-01 2.928523451089859009e+01 4.458273939415812848e+00 1.196738411206752062e+03 3.947403660602867603e+01
8.394275176770984448e-01 9.763636485528200959e-01 6.729460911437868953e-01 5.249707828873768911e-02 2.850428723117336416e-01 3.097840928006917238e+01 4.533250235766172587e+00 8.316167671233415604e+02 3.996543731354176998e+01
8.063542406879364854e-01 9.512309272721409803e-01 6.881498908609151588e-01 4.848537489391863825e-02 3.292276233883574821e-01 2.538134806323796511e+01 4.342130059748887660e+00 4.107419687323272228e+02 4.057074605673551559e+01
7.927506717912853329e-01 9.665250799939036908e-01 6.481062569454312250e-01 5.073711380774155455e-02 3.388948760723695108e-01 2.231814906932413578e+01 4.684180364757776438e+00 6.536031740717589855e+02 4.016588580049574375e+01
8.192232827343046697e-01 9.597673486214131078e-01 6.933012836039066373e-01 4.572906587637961401e-02 3.128911939786747087e-01 3.166615442372858524e+01 4.491120847314595821e+00 1.132712485268712044e+03 3.930978311970829964e+01
8.159291402496396950e-01 9.748521969787776742e-01 6.838200036980212060e-01 4.663417756177485468e-02 3.061251885678619167e-01 2.821008907631039619e+01 4.618290594592690645e+00 5.837039027363061905e+02 4.042374553158879280e+01
7.828650113813578892e-01 9.579232438359409629e-01 6.690719110690056537e-01 5.009830500597134417e-02 3.503389443375169998e-01 2.636211054399609566e+01 4.406284191086887958e+00 1.062814083974808455e+03 3.903613435663282871e+01
8.031185560546815205e-01 9.833782954219728589e-01 7.011616734214126678e-01 4.812812794364988711e-02 3.222970763903111324e-01 2.098583520855754614e+01 4.567303865030408083e+00 8.732810947112739086e+02 3.969206320494413376e+01
8.296003294236957704e-01 9.480743326567113716e-01 6.564186845891176736e-01 5.258808112556115355e-02 2.964025295667350179e-01 3.408292682375758886e+01 4.357239950075745050e+00 4.524054262787103653e+02 4.082839216850697994e+01
8.266694680102169013e-01 9.843068516742438101e-01 6.905876170270144332e-01 4.518311268409714448e-02 3.358183139275759399e-01 2.576736634597182274e+01 4.425070461258291843e+00 9.134339421987533569e+02 4.054558539018034935e+01
8.001900442562996929e-01 9.464190645948052927e-01 6.753121379561721760e-01 5.128773514453321969e-02 3.069675336025655121e-01 2.766938960179686546e+01 4.649576817080379065e+00 4.343109047971665859e+02 3.993191458471119404e+01
7.836841517560184656e-01 9.731454603657127000e-01 6.948043305598199382e-01 4.900115160962566913e-02 2.789944299694150365e-01 3.492017847951501608e+01 4.376050586625933825e+00 6.300204849801957607e+02 3.933976556360721588e+01
8.167506230868398776e-01 9.588826832216232887e-01 6.495338122345506449e-01 5.198493211988360063e-02 3.260262966819107433e-01 2.176726830657571554e+01 4.598614549264311790e+00 1.050909009575843811e+03 4.020215511135756969e+01
8.219192577399313526e-01 9.648977712564170695e-01 6.665300409853458508e-01 5.313894666258246052e-02 3.192249612456187768e-01 2.499077719170600176e+01 4.323391902446746649e+00 6.725663021206855774e+02 3.906626963429152966e+01
7.954453199975192179e-01 9.608062155697494333e-01 6.813237275913357482e-01 4.758193257769569723e-02 2.904743876533582569e-01 3.064371418673545122e+01 4.502012030780315754e+00 1.093455710168927908e+03 4.046016718447208405e+01
8.053002067528665098e-01 9.773717124763876551e-01 6.548151611894368340e-01 4.958588423851877786e-02 3.000723169019445802e-01 3.182868030853569508e+01 4.472455884516238989e+00 8.426532349549233913e+02 4.080332280881702900e+01
8.383721784003078659e-01 9.496551671944558626e-01 6.996002177879214745e-01 4.715023090263828487e-02 3.471420820357278281e-01 2.242668745107948780e+01 4.653015449643135071e+00 3.635293141007423401e+02 3.965863227471709251e+01
8.348938409112393044e-01 9.722944791246205254e-01 6.581843390859662968e-01 4.796054423779249481e-02 3.132368932014331087e-01 2.071798987220972776e+01 4.327942680194973413e+00 7.296654769219458103e+02 3.915186399966478348e+01
8.088957022376358497e-01 9.553860319949686319e-01 7.029107301853597667e-01 5.302125835644081603e-02 3.420877515750005982e-01 3.387456215452402830e+01 4.547381633892655373e+00 1.152533280663192272e+03 4.026504520140588284e+01
7.916301089026034354e-01 9.808308515794575966e-01 6.633366446740924793e-01 4.626738321214914768e-02 3.334355154803022581e-01 2.846993070095777512e+01 4.476986965909600436e+00 7.836863575503230095e+02 4.098317078128457069e+01
8.260860608391463744e-01 9.455473946709185284e-01 6.780718088321388004e-01 5.019944288061931742e-02 2.864035875799134101e-01 2.656424533575773239e+01 4.698368318751454886e+00 3.065391191281378269e+02 3.961931771971285343e+01
8.133876500897109230e-01 9.788995560467242951e-01 6.990523412808775650e-01 5.063908866273239551e-02 2.933296802353113630e-01 2.345794121734797955e+01 4.423542312532663168e+00 9.669095867313444614e+02 4.074116511084139347e+01
7.873986595369875108e-01 9.537873459424823785e-01 6.538404880076645886e-01 4.609274736970662978e-02 3.220803144715726485e-01 3.286359618417918682e+01 4.600976874679327366e+00 4.897615117952227592e+02 3.984580138698220253e+01
7.962558065600693347e-01 9.690507538434117718e-01 6.863982001677155775e-01 5.206701378749684084e-02 3.488582116004079747e-01 2.983247308526188135e+01 4.374551575630903244e+00 5.744574649259448051e+02 3.937862232886254787e+01
8.307209209226071867e-01 9.623135331779718582e-01 6.711812430977821542e-01 4.864984574347734625e-02 3.017883678741752895e-01 2.417587398085743189e+01 4.550046695023775456e+00 9.973261051811277866e+02 4.002282590419054031e+01
8.313891836874186536e-01 9.792622597388923600e-01 6.474786566928029119e-01 4.700942564236000598e-02 3.166081356277689052e-01 2.684973477385938168e+01 4.381852859258651200e+00 1.166385080572217703e+03 3.987920806929469109e+01
7.974003760017455145e-01 9.515457140658051260e-01 6.922012748181819441e-01 4.946090234249830853e-02 2.883945012988522461e-01 2.869679777882993221e+01 4.593480800092220484e+00 7.437498763203620911e+02 4.051625490374863148e+01
7.885941815622150575e-01 9.681008569303900524e-01 6.741925807282328487e-01 4.770714141653850660e-02 2.981333128159865398e-01 3.360375071410089731e+01 4.432455022633075892e+00 3.204827561974525452e+02 4.023538756370544434e+01
8.141219716392457117e-01 9.640093016348779686e-01 6.889239647597074079e-01 5.327946006685495284e-02 3.446706116573884926e-01 2.050574357155710459e+01 4.642897400259971441e+00 7.978368482552468777e+02 3.934949992410838604e+01
8.248903148494660664e-01 9.699423782121390225e-01 7.021701223202049258e-01 5.184312168687582600e-02 3.377222434815019270e-01 2.396376978140324354e+01 4.466514804586767973e+00 4.756393468938767910e+02 4.047777889482676983e+01
7.908960068471729832e-01 9.556796011462808105e-01 6.569620491735637113e-01 4.887723973618820356e-02 3.094751488931477001e-01 2.956174652557820082e+01 4.658013347908855017e+00 9.529925554990768433e+02 3.912288236618041992e+01
8.082272056736051757e-01 9.824163109049200981e-01 6.829543699122965217e-01 5.141193881064654025e-02 2.816463214170187856e-01 3.309037648141384125e+01 4.315956939384340885e+00 9.832133799791336060e+02 3.965280413813889027e+01
8.337495097391307564e-01 9.445285237472503814e-01 6.677411858163774250e-01 4.532469611095264750e-02 3.280700294218957258e-01 2.374328665435314178e+01 4.508638089522719383e+00 5.605790591798722744e+02 4.075837157294154167e+01
8.376960983373223923e-01 9.671678581297398214e-01 6.788234759479760960e-01 4.879126707736403112e-02 2.958044879373162850e-01 2.156921625602990389e+01 4.483663520961999716e+00 4.203492684289813042e+02 4.029822083562612534e+01
8.041633982829750060e-01 9.604306380119175257e-01 6.635517698511480544e-01 5.219105536064133632e-02 3.240182003147900058e-01 3.466356128919869661e+01 4.690980895608663381e+00 8.992397063411772251e+02 3.916166286729276180e+01
7.942420513056218656e-01 9.757041996832936936e-01 7.064767971992492734e-01 4.596893280271441284e-02 3.509392074953764373e-01 2.785276555456221104e+01 4.333085774630307974e+00 1.036855536047369242e+03 3.956655364111065865e+01
8.211927391834557000e-01 9.505919890314340481e-01 6.612100590005516310e-01 5.049737553616985564e-02 3.044018474660813989e-01 2.600936465896666050e+01 4.541588706523180363e+00 6.157601578161120415e+02 4.095390554703772068e+01
8.179532136268913289e-01 9.840262020755559114e-01 6.709406628631054970e-01 5.033985904177651349e-02 3.111898144355043638e-01 2.266854176297783852e+01 4.367922275140881716e+00 1.107687711529433727e+03 3.983990880288183689e+01
7.844113511465490296e-01 9.487427449323236894e-01 6.857305693425237436e-01 4.639249480787664692e-02 3.394369696678593562e-01 3.201196948066353798e+01 4.557478416338563321e+00 6.865931698121130466e+02 4.069627075269818306e+01
8.008654291801154956e-01 9.741773706920444642e-01 6.507891681961714969e-01 5.289643861671909641e-02 3.309267819469794425e-01 3.038718187715858221e+01 4.418553379550576032e+00 3.777518757618963718e+02 4.004037242196500301e+01
8.278069689370691764e-01 9.572689237970858356e-01 6.955704518206418108e-01 4.781990113381296564e-02 2.845029953496530650e-01 2.479286724235862494e+01 4.606926919892430305e+00 8.566414771601557732e+02 3.943529268354177475e+01
8.288623707987368139e-01 9.724821334242821358e-01 6.622393842585384549e-01 5.104823299862444597e-02 3.454388260638341368e-01 3.148332206532359123e+01 4.576216573640704333e+00 3.964644486084580421e+02 3.919076053984463215e+01
8.019194041065871303e-01 9.582398625280708071e-01 6.774396327309309962e-01 4.542274557465687812e-02 3.006168503986671459e-01 2.207675157114863396e+01 4.399160480126738548e+00 8.175735664553940296e+02 4.033568009361624718e+01
7.817167547963559393e-01 9.849458324726670932e-01 6.589629888333380370e-01 5.167864273108542517e-02 2.921798825582489489e-01 2.557879929896444082e+01 4.625591882690787138e+00 1.118535388726741076e+03 4.092779859714210033e+01
8.152571831889450227e-01 9.470785510152578413e-01 7.041544713996350513e-01 4.930731234366074467e-02 3.186781931670382706e-01 3.123448287602514029e+01 4.449718294665217400e+00 6.396312111988663673e+02 3.953416030108928680e+01
8.203713153548538584e-01 9.767032576430588753e-01 6.869388163819909465e-01 4.727395607942715822e-02 3.254308298390358734e-01 3.433908720035105944e+01 4.672194625437259496e+00 1.076812652684748173e+03 4.067007248103618622e+01
7.934228483460843417e-01 9.490072229899465528e-01 6.721942678451537923e-01 5.344705187894403797e-02 2.807135338775813560e-01 2.118343044538050890e+01 4.452377298474312184e+00 5.979093250818550587e+02 3.980742367915809155e+01
8.070919655136763460e-01 9.655521288461983431e-01 6.977170401796698451e-01 4.690826344901696116e-02 3.075607620563358124e-01 2.612057094462215900e+01 4.522778069972991588e+00 4.664220211096107960e+02 3.946423753723502159e+01
8.406269078947603557e-01 9.614810844141989943e-01 6.529776025921105731e-01 4.982772101081908017e-02 3.341014440573751854e-01 2.802717183716595173e+01 4.301775090396404266e+00 8.875302890315651894e+02 4.007767932303249836e+01
8.364436429612338575e-01 9.814902719728648695e-01 6.935862151704728085e-01 5.272989155856892818e-02 3.034733243148773907e-01 3.018560498487204313e+01 4.676849207654595553e+00 1.028558305185288191e+03 4.061569750867784023e+01
8.109236956633627535e-01 9.461863088164478297e-01 6.487881125308573305e-01 4.825203981708735268e-02 3.482952213875949443e-01 2.453358351718634367e+01 4.497850616648793043e+00 5.511904869228601456e+02 3.997126517444849014e+01
7.898401525862515093e-01 9.716517144445330212e-01 6.912454225294292209e-01 4.997410133985803055e-02 3.203931370463222184e-01 2.287677768617868423e+01 4.527400659397244453e+00 5.130283925682306290e+02 3.925317011214792728e+01
8.238367958985268746e-01 9.547227616928517513e-01 6.764423519916832328e-01 4.649259413491934473e-02 2.938948870815336623e-01 3.227968607097864151e+01 4.347219556942581775e+00 9.356773230247199535e+02 4.014827430620789528e+01
8.111929448567331002e-01 9.697255585383623977e-01 6.557110002249478820e-01 4.586987113665789290e-02 2.869818513786420167e-01 2.905791061930358410e+01 4.574792235344648184e+00 3.307399350218474865e+02 3.902640021219849586e+01
7.856638351328670833e-01 9.629678272441030140e-01 7.009611482903361779e-01 5.086209570376203082e-02 3.316990861522033929e-01 2.715497183613479137e+01 4.350664246827363968e+00 7.533879954367876053e+02 4.039051280356943607e+01
7.982213438548148021e-01 9.782516659781337331e-01 6.655499662816524165e-01 4.836016605507582888e-02 3.415117093047126962e-01 2.037258988711982965e+01 4.624184373766183853e+00 1.182831706479191780e+03 4.085772237926721573e+01
8.322088390462100138e-01 9.531189446192235293e-01 6.808087372019886452e-01 5.235656488446518986e-02 3.149711053522303850e-01 3.352458453271538019e+01 4.401242043823003769e+00 7.054647582583129406e+02 3.974476993642747402e+01
8.326338657982647051e-01 9.746204997844993834e-01 6.547746448576450273e-01 4.919731310700997673e-02 3.362145464636385195e-01 2.486500192899256945e+01 4.529089858010411085e+00 5.781095590442419052e+02 3.945809167996048927e+01
7.982073750220238795e-01 9.574037973362952147e-01 6.999932076767086953e-01 5.165184129673987962e-02 3.097160879161208746e-01 3.052068729419261217e+01 4.345600608363747064e+00 1.000756759475916624e+03 4.006445221044123173e+01
7.854434287421405703e-01 9.831568925011903159e-01 6.664973079770802888e-01 4.537928178107366456e-02 2.827954821281135067e-01 3.217531894333660603e+01 4.678477442637086092e+00 9.634772191755473614e+02 4.065656880289316177e+01
8.114710433281957513e-01 9.475651798047125540e-01 6.817070977374911633e-01 5.095463672179728620e-02 3.276173098545521745e-01 2.276874666102230549e+01 4.496146385744213880e+00 4.861111309379339218e+02 3.980148953758180141e+01
8.241437191762029935e-01 9.758981145437807259e-01 6.944767950646578702e-01 4.978402618963271437e-02 3.162800693960860499e-01 2.587506709620356560e+01 4.619415897876024246e+00 7.803054850548505783e+02 4.093006986938416958e+01
7.897080802790820142e-01 9.511351750701665386e-01 6.497432366557418515e-01 4.681509274935349851e-02 2.897392568608745944e-01 2.778166620060801506e+01 4.406031631678342997e+00 3.029402400366961956e+02 3.954351047426462173e+01
8.108213927470147020e-01 9.660491716027259645e-01 6.902559656821191103e-01 5.333708101410419150e-02 2.982498807834461085e-01 3.456278955098241568e+01 4.569987162202596487e+00 7.332660759799182415e+02 3.920032624341547489e+01
8.368398449070750811e-01 9.596612226631492382e-01 6.755275110699235919e-01 4.724680202400312334e-02 3.429670462107285989e-01 2.140713458415120840e+01 4.355441746860742036e+00 1.155912433192133904e+03 4.033767861500382423e+01
8.401730415843426947e-01 9.823057315632701680e-01 6.860079541787504898e-01 4.646968416675925639e-02 3.125728423448279614e-01 2.358370709232985973e+01 4.630418365821242332e+00 8.460341040976345539e+02 4.084397195279598236e+01
8.071366040654480711e-01 9.440686682205646774e-01 6.712208340674638007e-01 4.986851135494187875e-02 3.390712228437885445e-01 3.298661726526916027e+01 4.444962299987674115e+00 3.671281965449452400e+02 3.973907497338950634e+01
7.936125850178301633e-01 9.711443602036684553e-01 6.986662129297852575e-01 4.816285279199480907e-02 3.293319773005321527e-01 2.948582863900810480e+01 4.580957536026835086e+00 6.689657064154744148e+02 3.902098181471228600e+01
8.201220564417540659e-01 9.565323069527745803e-01 6.538741320729255513e-01 5.269031923117116489e-02 2.845102107619866816e-01 2.383380538318306208e+01 4.394343283399939182e+00 1.090076554287225008e+03 4.037655066139996052e+01
8.149195901922881013e-01 9.675769958499819134e-01 6.631281330980359767e-01 5.226728463770821675e-02 2.960078502513467935e-01 2.061031281482428312e+01 4.521122416853904369e+00 6.263683875091373920e+02 3.926298497803509235e+01
7.818776666618884041e-01 9.637937011145055743e-01 6.783965879105031682e-01 4.832088149890303996e-02 3.225486021425574834e-01 3.376230567228049040e+01 4.303451998531818035e+00 1.047478358633816242e+03 4.015003135427832603e+01
8.019928674645722122e-01 9.800507972709835425e-01 6.579680388219654175e-01 5.083935191335156589e-02 3.503770304016768922e-01 2.882733974605798721e+01 4.670526741445065078e+00 9.168663131073117256e+02 4.061723902635276318e+01
8.284968385718762818e-01 9.526425121579319422e-01 7.032451236419379192e-01 4.576379072472453596e-02 3.056599435668438391e-01 2.692440275102853775e+01 4.454017466306686046e+00 4.379612823016941547e+02 3.998135279119014740e+01
8.276753557346760992e-01 9.784263322338462299e-01 6.700130045585334093e-01 5.323592794027179331e-02 3.257073804877698153e-01 3.336534063797444105e+01 4.334738209098577322e+00 8.699053720571100712e+02 3.964262523688375950e+01
8.011737270899117469e-01 9.536839026849717182e-01 6.847539298780261907e-01 4.761361359937116983e-02 2.791702295850962412e-01 2.026733528356999159e+01 4.539908675104380009e+00 4.488082638010382652e+02 4.075673829391598701e+01
7.848061784602702318e-01 9.685876634608954205e-01 6.517278128288686023e-01 4.935083375956863389e-02 3.070724346704781227e-01 2.708053402602672577e+01 4.485328138619661509e+00 5.872993519529700279e+02 4.047586905024945736e+01
8.178504516057669704e-01 9.622202239766717291e-01 6.964775112070142882e-01 4.698269368095323723e-02 3.352862169381231050e-01 2.892759524285793304e+01 4.689337366074323832e+00 1.066191519889980555e+03 3.911291518062353134e+01
8.211773957185446449e-01 9.720704729858785642e-01 6.797090191006660564e-01 4.521479370577261014e-02 3.467479694562032866e-01 3.238367646001279354e+01 4.413724106922745527e+00 6.572569848038256168e+02 4.024950256198644638e+01
7.946666189529001390e-01 9.548742752991616900e-01 6.645119289293884846e-01 5.138471642222255942e-02 3.003243919854983734e-01 2.303658484481275082e+01 4.611680220440030453e+00 1.136148289404809475e+03 3.935507070086896420e+01
8.044419558592140751e-01 9.805966319017112021e-01 7.054923770934343752e-01 4.883361438794061454e-02 2.905119243862107070e-01 2.466285998467355967e+01 4.363178380206226947e+00 8.281826829537749290e+02 3.988499437645077705e+01
8.374770665787160118e-01 9.450254238102585580e-01 6.602901831254363030e-01 5.174988164093345666e-02 3.187591495087370164e-01 3.026083851698786020e+01 4.562292585149407387e+00 4.070864380337297916e+02 4.053009715117514133e+01
8.339108771331608105e-01 9.650500397928059026e-01 7.012442950703203781e-01 5.040825798401609575e-02 2.865804923849180064e-01 2.809804001823067665e+01 4.437220232188701985e+00 7.159502483904361725e+02 4.003822152130305767e+01
8.078909837327897803e-01 9.612462352890521755e-01 6.559835786543786185e-01 4.592929112903774286e-02 3.331177218800410733e-01 2.625464091077446938e+01 4.638104450702667414e+00 1.193302610423415899e+03 3.942557412385940552e+01
7.905291035644710362e-01 9.775136072564870604e-01 6.838985077090561360e-01 5.216821385214105711e-02 3.415545319916680755e-01 2.134620004799216986e+01 4.386654713749885026e+00 7.709176152013242245e+02 3.983046680875122547e+01
8.249633226789533369e-01 9.500848125316202486e-01 6.686427520386873935e-01 4.868560875944793337e-02 3.133406890800222722e-01 3.444054329302161932e+01 4.588700176775455830e+00 3.482841409742832184e+02 4.069390813633799553e+01
8.141652391351759110e-01 9.848518931981176117e-01 6.483587066814302524e-01 4.779708799712360096e-02 3.020393377684056913e-01 3.110166639555245638e+01 4.314264808222651126e+00 9.251909695565700531e+02 3.957257954403758049e+01
7.881398597232998071e-01 9.465943249374627610e-01 6.931669270604848831e-01 5.279042767772451628e-02 3.484629764270037455e-01 2.550734997261315584e+01 4.510254010185599682e+00 5.025583519600331783e+02 4.096750050969421864e+01
7.971515726171434224e-01 9.737007955372333212e-01 6.732063295677304104e-01 4.630314622811973480e-02 3.216156253285705757e-01 2.197631650604307652e+01 4.464883780106902122e+00 5.336617304943501949e+02 4.031160026788711548e+01
8.315802914150058900e-01 9.590682378377765049e-01 6.880059199392795088e-01 5.030064294526354063e-02 2.933683221574872602e-01 3.131974601186811924e+01 4.659714884683490155e+00 1.011013235896825790e+03 3.916796152107417583e+01
8.303842293716966472e-01 9.837997175756841850e-01 6.981521487966180217e-01 5.187473380558192682e-02 3.447036841215566083e-01 3.421330523211508989e+01 4.478630364313721302e+00 1.179234544001519680e+03 4.080559791065752506e+01
7.964176194243133278e-01 9.482285098753869823e-01 6.528949764728545491e-01 4.897428991684690119e-02 2.976719653477892247e-01 2.106039684731513262e+01 4.696703665331006583e+00 7.020890356041491032e+02 3.966798624768853188e+01
7.874712214492260998e-01 9.739610202483832690e-01 6.873679727301000852e-01 5.124433268599212776e-02 2.880048355834558538e-01 2.646720287390053272e+01 4.329622818902135073e+00 3.341173709370195866e+02 3.907583913765847683e+01
8.130212168641388626e-01 9.567648221705108424e-01 6.721157683044671760e-01 4.508971453497186838e-02 3.168557638471946047e-01 2.836922434158623219e+01 4.545729211345315157e+00 7.569834446534514427e+02 4.046216953545808792e+01
8.256312649197876663e-01 9.666971226915717086e-01 6.590973480589688016e-01 4.710647582301870362e-02 3.281793947584927262e-01 3.159101521596312523e+01 4.369737251847982229e+00 5.164641967043280602e+02 3.933361590653657913e+01
7.916738173983991489e-01 9.603296831291169289e-01 7.039020171932875991e-01 4.949251446120440934e-02 2.811097601588815609e-01 2.218902057036757469e+01 4.554790530353784561e+00 9.393311337567865849e+02 4.018892416916787624e+01
8.090863685183227183e-01 9.752232500802725523e-01 6.623833524979650944e-01 4.747215984055772747e-02 3.091517858348786785e-01 2.522140277083963156e+01 4.418789190798998234e+00 1.024902774486690760e+03 4.053207788243889809e+01
8.346455120541155237e-01 9.504808206096291290e-01 6.771793987773359058e-01 5.311185394220054035e-02 3.379024899613112254e-01 3.087434155400842428e+01 4.605806230753660024e+00 5.477564027532935143e+02 3.992597664333879948e+01
8.386800312869250318e-01 9.705054391738027197e-01 6.656353416651487054e-01 5.017647170407697754e-02 3.039416051872074753e-01 2.918366978876292706e+01 4.380831317231058897e+00 4.629862203262746334e+02 3.938843339495360851e+01
8.051690645016730263e-01 9.558728809267282855e-01 6.803727228924631998e-01 4.616159522619098926e-02 3.509734025534242408e-01 2.727798621170222759e+01 4.593812706694007097e+00 8.838764749467372894e+02 4.002457912266254425e+01
7.953420874722302303e-01 9.829689974844455502e-01 6.557867648065089927e-01 5.293227053565904838e-02 3.242647059403359622e-01 2.002593873534351587e+01 4.429863279685378075e+00 1.080468180030584335e+03 4.074270279891788960e+01
8.223145296297966755e-01 9.447114297714084286e-01 7.005329119399189564e-01 4.792103229548782400e-02 2.954137170325964457e-01 3.318250922951847315e+01 4.644811571761965574e+00 6.013434126041829586e+02 3.985588520392775536e+01
8.171747483931481870e-01 9.793964988239109992e-01 6.914987949453293981e-01 4.856036749567836652e-02 2.839653289021923932e-01 3.007792032789438963e+01 4.470754526555538177e+00 1.122132554557174444e+03 4.096942418441176414e+01
7.836692819245160146e-01 9.519677043337374522e-01 6.763052560187875484e-01 5.202766802294180037e-02 3.310350246896966997e-01 2.442131943535059690e+01 4.654646557569503962e+00 6.430069305002689362e+02 3.961362655647099018e+01
7.999705393113195617e-01 9.682453902889043285e-01 6.938455452196300444e-01 4.607006396438926427e-02 3.396183387415483423e-01 2.323417913168668747e+01 4.321775826811790289e+00 3.930870093405246735e+02 3.914644940197467804e+01
8.269484674803911917e-01 9.644415855504572255e-01 6.486468953438102591e-01 5.053320745510980760e-02 3.108675565665587892e-01 3.263983588665723801e+01 4.503704102337360737e+00 8.139781205914914608e+02 4.025108688883483410e+01
8.296444979183374979e-01 9.692471320446580663e-01 6.829147762604057537e-01 4.737204328777269019e-02 3.182162898408248952e-01 2.407580274622887373e+01 4.685884750634431661e+00 3.811825300566852093e+02 4.012496586516499519e+01
8.026651356615126520e-01 9.628591825574636109e-01 6.681314362756907155e-01 5.347762684330344130e-02 2.922123991644010044e-01 2.966920364182442427e+01 4.489492671936750057e+00 8.602935712784528732e+02 3.947960358299314976e+01
7.826153069980442689e-01 9.777835331320763324e-01 7.021364809371530846e-01 4.667431991400197711e-02 3.008650344761088502e-01 3.272999912500381470e+01 4.534869005531072972e+00 1.104037330672144890e+03 3.976044230908155441e+01
8.161193465314805495e-01 9.530205942060798741e-01 6.573481730543077051e-01 4.965907671853900252e-02 3.450497162064537493e-01 2.338565409183502197e+01 4.340440777689217988e+00 6.831608022563159466e+02 4.065464540384709835e+01
8.193837200723588232e-01 9.812714772768318383e-01 6.738677989676594704e-01 5.107880796298384929e-02 3.335654408328235232e-01 2.672649375163018703e+01 4.562526496127247810e+00 1.033256656955927610e+03 3.951809235475957394e+01
7.924135202415287793e-01 9.456797648150473412e-01 6.891324808061123353e-01 4.552083278300241009e-02 3.076706854265183200e-01 2.857080838643014431e+01 4.362045058980584145e+00 6.123792853206396103e+02 4.088127499073743820e+01
8.059882674612104392e-01 9.714225459922105621e-01 6.471442659184336588e-01 5.150999843880534057e-02 2.808932223238050918e-01 3.394559579435735941e+01 4.613500899448990999e+00 4.237284209579229355e+02 4.035132079757750034e+01
8.395014551155268734e-01 9.542058433093130176e-01 6.924175706118345097e-01 4.907336880864575368e-02 3.251069087471812891e-01 2.085216807667165995e+01 4.411052655056119320e+00 9.028403053991496563e+02 3.923746724799275398e+01
8.356990310050547155e-01 9.768503147367387784e-01 6.503961827777325899e-01 4.564000858265906957e-02 2.939285262815654054e-01 2.255649941042065620e+01 4.586126330494880499e+00 9.868122624233365059e+02 3.969809290766716003e+01
8.101422227792441921e-01 9.494420300148427305e-01 6.956109654702246070e-01 5.069767121171579044e-02 3.199323389094322900e-01 3.190450655296444893e+01 4.388573099672794520e+00 5.639599283225834370e+02 4.084199096076190472e+01
7.889773274086415711e-01 9.656889724008739240e-01 6.705572882466017681e-01 4.846233525771648232e-02 3.479050063408911098e-01 3.074755342211574316e+01 4.637068836390972670e+00 4.722601910121738911e+02 4.043712879344820976e+01
8.229371316976844541e-01 9.619056772742420325e-01 6.857633050329983160e-01 5.239135863577946972e-02 3.037203857984394073e-01 2.515049041714519262e+01 4.437551748752594172e+00 9.493919597938656807e+02 3.904243681021034718e+01
8.122015615053475024e-01 9.730323776289820925e-01 7.062673772484063806e-01 5.256546706652268780e-02 3.150799061285332048e-01 2.169248097110539675e+01 4.665515064820647595e+00 3.170521052554249763e+02 4.016373107023537159e+01
7.866502535961568121e-01 9.584203242998570182e-01 6.615375918135046884e-01 4.802217726308852935e-02 3.409746008908375869e-01 3.478957079816609621e+01 4.459941811487079022e+00 7.941847507841885090e+02 3.930006076022982597e+01
7.993479658536613019e-01 9.855062101077288750e-01 6.786080983638763664e-01 5.000889509117231041e-02 3.313762702496722556e-01 2.751094059087336063e+01 4.514516244456172167e+00 1.170035458076745272e+03 3.995599151961505413e+01
8.333132561542093697e-01 9.472691468432545836e-01 6.638834238782524988e-01 4.659476333755999816e-02 2.871626624187454402e-01 2.566296384669840336e+01 4.310909804329275730e+00 7.471822472289204597e+02 4.056837961077690125e+01
8.329932904116809089e-01 9.754629997186362589e-01 6.776693537630140707e-01 5.078821582479402935e-02 2.971484025737270440e-01 2.058550998102873564e+01 4.365791016072035013e+00 6.929358012042939663e+02 4.043959617987275124e+01
7.994875879086553727e-01 9.506588738415390205e-01 6.629471927307545309e-01 4.567848281648010517e-02 3.442202910633757607e-01 3.367893769871443510e+01 4.558850527554750620e+00 1.114037722349166870e+03 3.908477685786783695e+01
7.857891890652477507e-01 9.669369008842856328e-01 7.034558861501515326e-01 5.248125475032255211e-02 3.172991286015137691e-01 2.874223012477159500e+01 4.416776100546121242e+00 8.498524188995361328e+02 3.967909214645624161e+01
8.127668955050408872e-01 9.605077854119241643e-01 6.587240445785224052e-01 4.850067979183048106e-02 2.885506087468936998e-01 2.689791548997163773e+01 4.607896270602941158e+00 3.709693855606019497e+02 4.078470540605485439e+01
8.226272287093102653e-01 9.744392493259161903e-01 6.714939704522490116e-01 4.807754488375037827e-02 2.817758314397185715e-01 2.367610874585807323e+01 4.482667538896203396e+00 8.915194085799157619e+02 3.992121983133256435e+01
7.891160401947796554e-01 9.571813603177666829e-01 6.867015860587358800e-01 5.263918314261362141e-02 3.288054355598986067e-01 3.302045377902686596e+01 4.692731447890401419e+00 4.126372084021568298e+02 4.055834386497735977e+01
8.092894060410559254e-01 9.842778179630637947e-01 6.532092646494507271e-01 4.664948245968669749e-02 3.373166167002171201e-01 2.951791635248810053e+01 4.331735717132687569e+00 6.230340287089347839e+02 4.021295998431742191e+01
8.362616121642291178e-01 9.486449388902634672e-01 6.984229058384895383e-01 5.008248146755621411e-02 3.084633649282157442e-01 2.392451545689254999e+01 4.543742114678025246e+00 1.044135116692632437e+03 3.932711816206574440e+01
8.398131882645188950e-01 9.680132921993732653e-01 6.499573467843233754e-01 5.351999206833541606e-02 3.516394738342613069e-01 2.608295125886797905e+01 4.468668188154697241e+00 9.593871144577860832e+02 3.986625032126903534e+01
8.058550469450652676e-01 9.642711840238422649e-01 6.952295104213058741e-01 4.746596009323373472e-02 3.045676459886133558e-01 2.793092800304293633e+01 4.656663361191749395e+00 4.820404269732534885e+02 4.072253581695258617e+01
7.932681689284741822e-01 9.791644499417394565e-01 6.748044819556175966e-01 4.970183104269206703e-02 2.948278437715023959e-01 3.471380015369504690e+01 4.317707514762878063e+00 5.537380733527243137e+02 4.000224396213889122e+01
8.188266329713165259e-01 9.517973312050104218e-01 6.900707630611956356e-01 4.676914461741224494e-02 3.235762850336730279e-01 2.161671032663434744e+01 4.507642035186290919e+00 9.763798205181956291e+02 3.939711766131222248e+01
8.164374821133911775e-01 9.824831969667225939e-01 6.993249921858311069e-01 4.559843985030427593e-02 3.305114619156345745e-01 2.472134057898074389e+01 4.382822139188647270e+00 7.360823644325137138e+02 4.027586202509701252e+01
7.824701926730572854e-01 9.442873200275003764e-01 6.545346286132931457e-01 5.113754777602851770e-02 2.834819358440116011e-01 3.031840358395129442e+01 4.591703545674681308e+00 1.158723231498152018e+03 3.913922759518027306e+01
8.035243682436644663e-01 9.700195293672383423e-01 6.819760286420583073e-01 4.915136497506872315e-02 3.113109213208779535e-01 3.197477688081562519e+01 4.433827206119895337e+00 8.050579332746565342e+02 3.960863491706550121e+01
8.290736698605120081e-01 9.554486426491289874e-01 6.671952025577425616e-01 5.156964614979923228e-02 3.401641119049861883e-01 2.262676973827183247e+01 4.640766118094325599e+00 3.277121258899569511e+02 4.099594025313854218e+01
8.261451026298105571e-01 9.717187706589699436e-01 6.929090826198458508e-01 4.621835705537349209e-02 2.917735595947131277e-01 3.118493065703660250e+01 4.573038582876324476e+00 7.597345897927880287e+02 4.063011225499212742e+01
8.005935586862266140e-01 9.544813878204673196e-01 6.477083766072988524e-01 5.024795039689168574e-02 3.176659914927557060e-01 2.553199187386780977e+01 4.351657224074005903e+00 3.370791164226830006e+02 3.976741831377148628e+01
7.832916165016591270e-01 9.815675734099000849e-01 6.886850216224789101e-01 4.797844262320548336e-02 3.455687537958845312e-01 2.200293608941137791e+01 4.622027960792183698e+00 6.986856845207512379e+02 3.948484151624143124e+01
8.172566850729285903e-01 9.459552000373602221e-01 6.734939961493014993e-01 5.300387892818078650e-02 3.013529527189209856e-01 3.140493073500692844e+01 4.402589001134037616e+00 1.176046098209917545e+03 4.009820731729269028e+01
8.215212293215096162e-01 9.781642715562135493e-01 6.567248181797563644e-01 5.211552130376920222e-02 3.082521727394312849e-01 2.806413555517792702e+01 4.675473997741938170e+00 5.434750104323029518e+02 3.922685965150594711e+01
7.959641993664204884e-01 9.533806566990912224e-01 7.014698238097131222e-01 4.860081958670169067e-02 3.342582476876675979e-01 2.616211408749222755e+01 4.499978872388600948e+00 1.020834557432681322e+03 4.037173407338559628e+01
8.047996450833976301e-01 9.696278988666832133e-01 6.684470525927841411e-01 5.062170923447236598e-02 3.244452234145254188e-01 2.125564375426620245e+01 4.526428305357694803e+00 9.429603201337158680e+02 4.090336434915661812e+01
8.387592133380472603e-01 9.632192942578345907e-01 6.831860326401889560e-01 4.611064575511962527e-02 2.802627955742180155e-01 3.440855213906615973e+01 4.348993737250566483e+00 5.203057134523987770e+02 3.950965007580816746e+01
8.354406443111598302e-01 9.852075407974422161e-01 6.651950639843939861e-01 4.905017839970067517e-02 3.205138262223452550e-01 3.223448260687291622e+01 4.673968878015876349e+00 6.043138551525771618e+02 3.904695115797221661e+01
8.084697506822645652e-01 9.469911578450351808e-01 6.799927095308899716e-01 5.193642422363162203e-02 2.946213331364095356e-01 2.282882585190236568e+01 4.451404921337962506e+00 1.083210628107190132e+03 4.041110908985137939e+01
7.920450669772922669e-01 9.727335991863161890e-01 6.600354002028703260e-01 4.516521391870453872e-02 3.030587004657834815e-01 2.445313046220690012e+01 4.524906254932284710e+00 8.806932795792818069e+02 4.081770932860672474e+01
8.255575751386582395e-01 9.581422066114843039e-01 7.048389282807707712e-01 5.130511520609259968e-02 3.472745795913040334e-01 3.010973135475069284e+01 4.300399905070662498e+00 4.595776188187301159e+02 3.970483265444636345e+01
8.138227497659623610e-01 9.653107587289064817e-01 6.845541966132819844e-01 4.953737634226679926e-02 3.405357613211497658e-01 3.356772806029766798e+01 4.577563554048538208e+00 8.099151673726737499e+02 4.059119496867060661e+01
7.868427080161869425e-01 9.615481393769383933e-01 6.693045060880481456e-01 4.719925769271329091e-02 3.145296077804640156e-01 2.041115756612271070e+01 4.397003994882107136e+00 3.888003531843423843e+02 3.994680798240005970e+01
7.967934546865522716e-01 9.764721501156687911e-01 6.972156887672841252e-01 5.315632672414184051e-02 2.876817000081762776e-01 2.722237862646579742e+01 4.626584835350513458e+00 6.468571309000253677e+02 3.928920114040374756e+01
8.302968004219233311e-01 9.490845206718891980e-01 6.519564607538282930e-01 4.756403381230309840e-02 3.318641884924843910e-01 2.912806220352649689e+01 4.447964712977409363e+00 1.125753057282418013e+03 4.018438111059367657e+01
8.309765121959149514e-01 9.662633591521531118e-01 6.760180143438279110e-01 4.598683115646243214e-02 3.101995527680962983e-01 2.986830256413668394e+01 4.616942850500345585e+00 1.069152836222201586e+03 3.979674846865236759e+01
7.979338948674500331e-01 9.598547543086111133e-01 6.908192111350596187e-01 5.047999607624486379e-02 3.367380417950451288e-01 2.427032403182238340e+01 4.408439912647009074e+00 5.900509262457489967e+02 4.068281904235482216e+01
7.880496692158281968e-01 9.761121903009712941e-01 6.492968000642954651e-01 4.874224088892340628e-02 3.270714692484587571e-01 2.308487530797719955e+01 4.566310148686170578e+00 4.456202471628785133e+02 4.008847323618829250e+01
8.145529608301818048e-01 9.513285756785422320e-01 6.941038722343743084e-01 5.223956284524873539e-02 2.823521891675889184e-01 3.243196692317724228e+01 4.358992768079041902e+00 8.665015918202698231e+02 3.945160872489213943e+01
8.243512956671416037e-01 9.836196580290794689e-01 6.810847654551267505e-01 5.287905915679410457e-02 2.891132835021242298e-01 2.932563151232898235e+01 4.531475220993161024e+00 4.030186501331627369e+02 4.031512100249528885e+01
7.913141786552965184e-01 9.480072852041572240e-01 6.658315308377146247e-01 4.783779948756099187e-02 3.156139263214543522e-01 2.747857029549777508e+01 4.343101674690842628e+00 8.239008614793419838e+02 3.920924822054803371e+01
8.077907304711640091e-01 9.750833170231432145e-01 7.003078152596950989e-01 5.038836652638391256e-02 3.436553953235969017e-01 2.022820724640041590e+01 4.682051417604088606e+00 1.139989376999437809e+03 3.955460158362984657e+01
8.342995080970226907e-01 9.578459336370229726e-01 6.550450360015034335e-01 4.634346861943602902e-02 2.988358214871957852e-01 3.332621260080486536e+01 4.492495270445942879e+00 6.608866003341972828e+02 4.090919215418398380e+01
8.380872616417706089e-01 9.798341677378863412e-01 7.045558985121548323e-01 4.768924268281087703e-02 3.384452494850382354e-01 3.161751767620444298e+01 4.517567467689514338e+00 3.510270182043313980e+02 4.040131008438766003e+01
8.036513867102563768e-01 9.524465383723378364e-01 6.593516412548720007e-01 5.329684016007930208e-02 3.119066992701962637e-01 2.227408817037940025e+01 4.307125096023082911e+00 7.738876285962760448e+02 3.901377572119235992e+01
7.947650420539080773e-01 9.673602351233363539e-01 6.768952762879431040e-01 4.705845246409997434e-02 2.851985598748549844e-01 2.530478594359010458e+01 4.668126930296421229e+00 1.189893579762428999e+03 3.973409809358417988e+01
8.207832724846899630e-01 9.635976156931370662e-01 6.617007067225872952e-01 4.941239447791129225e-02 3.299179180042818293e-01 3.089910236652940512e+01 4.456498995423316956e+00 7.127674821764230728e+02 4.087047326192259789e+01
8.184560627736150451e-01 9.706841167680919646e-01 6.526659036412835180e-01 5.142931890387088256e-02 3.230320669945329626e-01 3.412263717968016863e+01 4.634065577015280546e+00 1.006726150587201118e+03 3.999170219525694847e+01
7.840293502680957261e-01 9.560927238021046382e-01 6.974144533634185628e-01 4.530679737722501099e-02 2.965313455827534028e-01 2.102829393465071917e+01 4.441384432837367058e+00 5.295992064289748669e+02 4.059708775766193867e+01
8.012657477580010790e-01 9.818455191854388309e-01 6.728246921285986337e-01 5.179461382228881666e-02 3.051141029607504773e-01 2.643340838141739368e+01 4.583464963361620903e+00 5.061792838387191296e+02 4.012771095335483551e+01
8.272931263096630072e-01 9.436291366241872369e-01 6.875672234207391709e-01 4.892626655792817886e-02 3.499337374411523038e-01 2.827680748887360096e+01 4.391966425999998869e+00 9.290407408028841019e+02 3.927165448479354382e+01
8.283471602447330939e-01 9.809184037934989275e-01 6.607811034828423580e-01 4.995827776977792428e-02 2.797204561393707989e-01 2.184360154438763857e+01 4.422573796287179171e+00 4.961119517683982849e+02 3.910232331231236458e+01
8.023210870347916579e-01 9.452855247989296883e-01 7.060570400938391833e-01 4.650789900116622522e-02 3.261462875001132633e-01 3.499925651121884584e+01 4.602754892781376839e+00 9.732517889700829983e+02 4.049626659788191319e+01
7.813333752624690431e-01 9.723922964319586804e-01 6.640648463726043227e-01 5.278099354395643372e-02 3.347983661379665410e-01 2.771871299482882023e+01 4.373180155828594984e+00 9.905431858263909817e+02 4.077881287783384323e+01
8.157614145673811601e-01 9.551344073455780848e-01 6.793349076047539015e-01 4.820145672552288152e-02 3.065533252872526537e-01 2.581211389042437077e+01 4.552178740873932483e+00 5.676688358187675476e+02 3.963419773243367672e+01
8.199641321100293867e-01 9.689838602714240245e-01 6.958547618411481395e-01 4.837547092132270243e-02 2.996315176879987274e-01 2.235607625916600227e+01 4.325790058821439743e+00 1.144820791482925415e+03 4.050557973049581051e+01
7.939435592167078948e-01 9.625547444079071147e-01 6.510606181420385274e-01 5.234074131438509053e-02 3.461665539370849531e-01 3.176264854148030281e+01 4.548732382804155705e+00 7.219456083141267300e+02 3.989195465296506882e+01
8.065822481237351349e-01 9.788224174086004314e-01 6.850691834263503699e-01 4.581928804509342174e-02 3.193896480521187242e-01 3.060377494897693396e+01 4.475237152725457968e+00 3.138191289268434048e+02 3.936029385961592197e+01
8.410157734401523255e-01 9.540182919226586344e-01 6.702845843680202975e-01 5.091319768914952942e-02 2.911735422762110614e-01 2.494808958377689123e+01 4.699365135282278061e+00 7.909597992897033691e+02 4.022275878861546516e+01
8.369959390781819275e-01 9.733866728473454799e-01 6.893171941474079967e-01 5.169446592118591421e-02 3.324248475825414273e-01 2.664126521907746792e+01 4.324388648197055041e+00 1.099856361094862223e+03 4.071670773625373840e+01
8.104849262781440578e-01 9.588157858945429712e-01 6.745912601411342413e-01 4.929200811071321464e-02 2.859990768657997284e-01 2.854420221410691738e+01 4.500262242183088901e+00 6.789612902328372002e+02 3.982129902951419353e+01
7.902606042720377033e-01 9.845378014095127472e-01 6.916653449818491728e-01 5.099713164653629088e-02 3.139711876234039800e-01 3.392091008368879557e+01 4.473806705698370578e+00 3.566961837932467461e+02 3.941472930833697319e+01
8.232954932622611466e-01 9.463419247049837946e-01 6.469297232836483946e-01 4.547332828624173900e-02 3.422161498816683745e-01 2.076891722623258829e+01 4.650862805172801373e+00 8.358118199743330479e+02 4.005885675735771656e+01
8.116225518159567720e-01 9.771098413527011806e-01 6.674340242691337854e-01 4.689295921606943113e-02 3.490132029812783032e-01 2.410778048913925886e+01 4.427202482521534144e+00 4.266494848765432835e+02 3.917246011085808277e+01
7.851207014419138153e-01 9.497427231635898748e-01 6.826454200021921936e-01 4.984354420091956922e-02 3.024782447807490837e-01 2.975980374496430159e+01 4.648205468058586476e+00 9.057660011574625969e+02 4.028559632226824760e+01
7.987534983702003766e-01 9.646461428519338410e-01 6.575877071715890976e-01 4.732453879101201910e-02 2.928804713573306961e-01 3.282251253724098206e+01 4.377828627824783325e+00 1.058137950114905834e+03 4.094323368184268475e+01
8.317975354813038624e-01 9.609040341287851117e-01 7.028051213346421244e-01 5.339595052685588983e-02 3.210965159453451623e-01 2.341960236430168152e+01 4.597645960748195648e+00 6.372419991530478001e+02 3.957930448651313782e+01
8.319463977463542603e-01 9.646931540690362183e-01 6.907733754798769388e-01 4.636678477788343938e-02 3.432383054664358557e-01 2.851908205542713404e+01 4.346306507661938490e+00 3.141121904365718365e+02 3.998639751784503460e+01
7.988948573790490837e-01 9.609302071634679976e-01 6.759759592622518465e-01 5.036501965291798055e-02 2.984163646103814016e-01 2.667568115983158350e+01 4.528246939554810169e+00 7.932210858911275864e+02 4.060055562853813171e+01
7.852246963851153838e-01 9.771669763777405260e-01 6.940580406025051996e-01 4.786112425887957544e-02 2.898179009800777028e-01 2.080043981783092022e+01 4.495345691218972206e+00 1.170558380708098412e+03 4.013215777464210987e+01
8.116897613801061784e-01 9.497790398769080378e-01 6.492547409594058294e-01 5.285570367045700629e-02 3.163161767797544321e-01 3.389478485099971294e+01 4.679225565865635872e+00 7.496839980594813824e+02 3.926928092166781425e+01
8.234544200696051197e-01 9.845129552524537475e-01 6.660236184097826362e-01 5.223283172018826359e-02 3.277916801210493114e-01 2.973557841032743454e+01 4.405187020450830104e+00 9.873875434510409832e+02 4.040565467998385429e+01
7.903973936907947584e-01 9.462962402090430158e-01 6.812735373698174390e-01 4.874900209570303539e-02 2.830744885869324046e-01 2.414126377552747726e+01 4.620123060792684200e+00 5.665123175829648972e+02 3.901126787252724171e+01
8.106008293353020866e-01 9.733516027465463072e-01 6.552371267028153090e-01 5.047325633831322572e-02 3.097624139498919016e-01 2.345203078817576170e+01 4.356191944330930710e+00 4.692679177969694138e+02 3.972865912318229675e+01
8.370603940136730481e-01 9.587598976384847926e-01 7.004965840451419234e-01 4.599360097611323445e-02 3.363029915235936640e-01 3.279545850586146116e+01 4.569185585528612314e+00 9.483776564709842205e+02 4.087383891455829144e+01
