lna.min()=np.float64(-3.593743471299208), lna.max()=np.float64(-1.0986123886681147)
prepending x_HI=1 at lna=(-200, -100, -50, -20, -10) and appending x_HI=0 at lna=(1, 2, 5, 10)
################################ rational function of the form (x + c0 x^2 + c1 x^3) / (1 + c2 x + c3 x^2) ################################
c = array([0.20354645, 0.1302405 , 0.08180352, 0.11640516])
lna_pivot = array([-2.05130719, -1.96168106, -2.19610249, -2.03213444, -2.12515259,
       -2.15807723, -2.19832453, -1.93830484, -2.12624008, -2.00373136,
       -2.11848582, -1.80898018, -2.11623884, -1.85445088, -2.14254937,
       -1.9415632 , -2.23867886, -1.84117272, -2.02483415, -2.04859871,
       -1.99245525, -2.15124442, -1.95974159, -2.00521118, -1.87778585,
       -2.10596233, -2.09303567, -2.05523972, -1.86429414, -2.19647468,
       -2.1806499 , -2.26192847, -1.94920556, -2.16308252, -1.98133491,
       -1.76371977, -1.99183668, -1.98658067, -2.20583421, -1.98807348,
       -2.23318322, -2.00951909, -2.12432383, -1.84956452, -1.97499341,
       -2.10877943, -2.10684471, -1.90073464, -1.98924703, -2.01385897,
       -1.94603908, -1.92384005, -1.98257913, -1.91589007, -2.03446665,
       -2.07253413, -2.09841912, -2.2344639 , -1.99454669, -2.19661837,
       -2.16991962, -2.05414626, -2.00801692, -2.06469623, -1.97432498,
       -2.09406781, -2.0005128 , -1.99701685, -1.99599185, -1.99655395,
       -2.00838043, -2.14735163, -2.03406855, -1.90399029, -2.08462721,
       -1.9089861 , -2.24155279, -2.0458572 , -1.96652763, -1.94348731,
       -2.02795841, -2.08493704, -2.22304912, -2.00153163, -2.2482505 ,
       -1.95317214, -2.09143562, -1.66802321, -2.09411847, -1.97776518,
       -2.10361269, -1.92380018, -2.06567945, -1.87914209, -2.31783487,
       -1.9378337 , -2.1149877 , -1.84511018, -2.27104018, -2.1217406 ,
       -1.91843275, -2.17006292, -1.91880176, -2.13687223, -1.79815195,
       -2.24692822, -2.08577963, -2.16658081, -1.88080902, -1.97455698,
       -2.14635906, -1.97053219, -2.06408303, -2.15793861, -1.99121405,
       -1.89506193, -1.91844967, -2.02133898, -1.94975218, -2.02778336,
       -2.08123405, -2.08660913, -2.01798025, -1.92848198, -2.06014223,
       -1.98918525, -1.87239144, -1.89632251, -1.99361022, -1.98593263,
       -2.11357083, -2.03251489, -2.07983816, -2.11480221, -2.14327566,
       -1.9782917 , -2.08393391, -2.00488172, -2.09931389, -1.90642887,
       -2.06831049, -1.91837326, -2.08754559, -1.98060741, -2.15141364,
       -1.93434425, -1.98151557, -2.05148169, -2.02236657, -2.09999167,
       -1.99294083, -2.04575272, -1.96474868, -2.04842286, -2.01782667,
       -2.05845213, -1.9645511 , -2.11842375, -2.13233086, -2.15424085,
       -1.98552556, -2.09068649, -1.994881  , -1.86572769, -2.01917278,
       -1.97611738, -2.14238287, -1.98922379, -2.13801335, -2.02245206,
       -2.11475397, -1.92179785, -1.9859605 , -2.07288418, -2.0898516 ,
       -1.95183485, -2.01123907, -2.02886982, -1.97832072, -2.00970564,
       -1.98659566, -1.95584152, -2.00278755, -2.07604603, -2.077385  ,
       -2.15609973, -1.97575853, -2.13168403, -2.11046712, -2.00328199,
       -1.980708  , -2.06375719, -1.98331891, -2.06514807, -2.00846874,
       -2.04416249, -2.04643594, -1.99709285, -1.98971515, -2.12060857,
       -2.04390737, -1.99790439, -2.06399644, -1.98148629, -2.12569361,
       -2.03999453, -1.97611462, -2.03556654, -2.0590524 , -2.08388111,
       -2.10823587, -2.03840199, -2.15758414, -2.04030158, -2.01661985,
       -1.82933404, -2.04565673, -2.02012863, -2.02492501, -1.9725145 ,
       -2.03724643, -1.96584129, -2.18471845, -2.03072519, -2.03419775,
       -1.90881142, -2.12498142, -2.0942263 , -2.01694093, -2.08328001,
       -2.00058752, -2.09998421, -1.88448577, -2.15307595, -2.03646443,
       -2.09061385, -1.97093118, -1.96969031, -2.05021825, -2.03492196,
       -2.01379542, -2.08053507, -1.97299336, -1.99220719, -1.99155036,
       -2.0453431 , -1.96987346, -2.0712257 , -2.07403005, -2.04657839,
       -2.03415343, -1.9330614 , -2.06977814, -2.02668843, -1.98127802,
       -1.95471725])
tilt = array([7.09698919, 7.41125572, 8.58779539, 7.07361276, 8.3071584 ,
       8.24569124, 8.30181567, 7.45327223, 7.71829089, 7.7369914 ,
       8.6133044 , 7.30957699, 7.77573092, 7.36119905, 7.56297507,
       7.62157672, 8.02053635, 7.48138519, 6.97760537, 7.47046605,
       7.61104567, 8.76456879, 7.86152717, 8.4976952 , 7.23604311,
       7.5734647 , 7.04945498, 7.93300416, 7.44508828, 8.60331092,
       8.52498296, 8.35633887, 7.16775254, 8.04512459, 7.55751389,
       6.51613919, 8.063113  , 7.07416105, 8.74888878, 6.90683159,
       7.72858365, 8.29453962, 9.33522361, 7.33965973, 6.82156742,
       8.13422785, 8.70076654, 6.97314329, 7.61373686, 8.12638591,
       8.02305722, 8.36585623, 7.50877013, 7.2620671 , 7.68032826,
       7.92121601, 8.20055878, 8.44587406, 6.95388304, 7.72244867,
       8.1989296 , 7.3144632 , 6.76202924, 8.34633522, 7.34188833,
       7.80012123, 7.33186304, 8.38304552, 8.2527638 , 7.36141566,
       7.56675165, 8.99323528, 7.48630077, 8.28642717, 8.14785502,
       7.49680399, 7.50216211, 8.32271465, 6.75288583, 8.30490735,
       8.02497875, 8.64277818, 7.20111028, 8.0812223 , 8.67341986,
       7.60518551, 7.51684522, 6.7096785 , 6.99410841, 8.572801  ,
       6.60742768, 7.83788801, 7.78981651, 7.29365726, 8.9923506 ,
       8.35672407, 7.25067618, 6.64528799, 7.66266637, 8.18204039,
       7.92981325, 8.07912262, 8.11530071, 8.57627747, 6.6121018 ,
       8.69198808, 7.19358219, 7.45295616, 7.22530606, 7.25129459,
       7.71631115, 8.99124991, 6.98210319, 7.67890275, 7.19827184,
       7.51542015, 8.10832799, 8.12858674, 6.3274585 , 8.34310076,
       8.63896003, 7.68313423, 8.24548362, 6.63394173, 8.52824928,
       7.71731355, 8.10392981, 6.90755055, 7.03669002, 7.40491643,
       8.33033887, 7.44138942, 8.09485089, 8.30082015, 8.46410546,
       7.40042145, 7.88716013, 7.65285337, 8.56773137, 7.3511837 ,
       7.85281048, 7.34969826, 7.85019791, 7.5786447 , 8.29774436,
       7.48397546, 6.94596736, 7.85173552, 7.70847039, 8.48231614,
       7.77475096, 8.38632604, 7.59307527, 7.50471434, 6.96305611,
       8.18609044, 7.70353633, 8.38730118, 8.55188169, 8.34456731,
       7.37076892, 8.00098746, 7.4539954 , 6.7494982 , 8.06975078,
       7.14968297, 8.61660521, 7.09944983, 7.98756934, 8.0696712 ,
       8.95414089, 7.25732052, 7.21307312, 8.10338156, 8.58866157,
       7.08624579, 7.54434159, 8.0022787 , 7.87198132, 8.32964615,
       7.3997262 , 7.40879706, 7.32224321, 8.20263877, 8.02001672,
       8.54663367, 6.92576043, 7.99512951, 8.12084792, 7.16324736,
       6.92670142, 8.24766796, 7.37902315, 7.89787574, 7.52241816,
       8.40377759, 8.33588093, 7.50598476, 7.42738717, 8.80756987,
       7.83972991, 8.27517369, 8.102439  , 7.63080831, 7.69313379,
       7.99115498, 7.05349151, 8.47003801, 8.15101326, 8.52174697,
       7.46251874, 8.42691841, 8.56280903, 8.15004365, 7.31614856,
       6.91377954, 7.21176983, 8.35997173, 6.90197523, 7.80266095,
       7.77948689, 7.64107065, 8.73361426, 8.46289653, 7.19411018,
       6.84703251, 7.59060765, 8.23874202, 8.18344192, 7.83659033,
       8.19050465, 8.54096394, 6.73780294, 8.51293664, 7.21404992,
       7.64687038, 7.66584412, 7.17970475, 7.49522859, 8.76994358,
       6.99847164, 7.65156499, 6.99446823, 8.03252865, 8.05163391,
       8.33263313, 6.7799856 , 8.50288794, 8.28614605, 7.6594293 ,
       7.99316133, 6.8050063 , 8.39858917, 8.00629489, 8.1303062 ,
       7.29623771])
res.success = True
res.status = 0
res.message = 'Optimization terminated successfully.'
res.fun = np.float64(0.15073198423220924)  # chi-squared
res.nfev = 780
res.nit = 496
lna_pivot_ts = np.float64(-2.064044195326489)
tilt_ts = np.float64(7.211488827417402)
res_ts.success = True
res_ts.status = 0
res_ts.message = 'Optimization terminated successfully.'
res_ts.fun = np.float64(0.03411972019767129)  # chi-squared
res_ts.nfev = 180
res_ts.nit = 95
