################################ degree = 2 ################################
c = []
lna_pivot =
[-2.05790515 -1.96812775 -2.20145999 -2.03902065 -2.13076072 -2.16388594
 -2.20404002 -1.94467595 -2.13239008 -2.00983064 -2.12388367 -1.81526302
 -2.12241151 -1.86057115 -2.14888106 -1.94762123 -2.24467846 -1.84722982
 -2.03175155 -2.05490637 -1.99870086 -2.15652716 -1.96572525 -2.01063017
 -1.88427578 -2.11223645 -2.09986272 -2.06117373 -1.87061214 -2.20189554
 -2.18624899 -2.26759696 -1.95599304 -2.16889303 -1.98760309 -1.77095867
 -1.99745111 -1.99321378 -2.21114527 -1.99502441 -2.23939288 -2.01505393
 -2.12927699 -1.85600775 -1.98207352 -2.11455563 -2.11206157 -1.90765052
 -1.9954857  -2.0195372  -1.95161706 -1.92937043 -1.98887831 -1.92235365
 -2.04055336 -2.07854636 -2.10420906 -2.24004084 -2.00136563 -2.2029352
 -2.17573102 -2.06054261 -2.01512655 -2.07021703 -1.98083556 -2.10001346
 -2.0069857  -2.00255331 -2.00177226 -2.00288697 -2.01451338 -2.15249024
 -2.04043094 -1.90948177 -2.0904306  -1.91519773 -2.24803791 -2.05148219
 -1.97362381 -1.94912236 -2.03386272 -2.09018272 -2.22979907 -2.00708995
 -2.25364896 -1.95944573 -2.0976851  -1.67491031 -2.10112634 -1.98305786
 -2.11109532 -1.92965023 -2.07167782 -1.8856724  -2.32299409 -1.94336898
 -2.1216384  -1.85237896 -2.27728276 -2.12754289 -1.92435801 -2.17577488
 -1.92449643 -2.14224634 -1.80550566 -2.25224872 -2.09249558 -2.17297057
 -1.88745954 -1.98104775 -2.15251474 -1.97549287 -2.07101945 -2.16420705
 -1.99786767 -1.90127738 -1.9241063  -2.02696091 -1.95753662 -2.03335639
 -2.08656883 -2.09274725 -2.02369573 -1.93576095 -2.06552504 -1.99517414
 -1.87809    -1.90326906 -2.00034814 -1.99236368 -2.11915256 -2.03895997
 -2.08563215 -2.12050565 -2.14883438 -1.98471539 -2.08992808 -2.01105841
 -2.10475482 -1.91281004 -2.07436735 -1.92470407 -2.09358828 -1.98679624
 -2.15712451 -1.94056885 -1.98844011 -2.05746392 -2.02850951 -2.10547954
 -1.9990075  -2.05129504 -1.97093546 -2.05475232 -2.02472746 -2.06417968
 -1.97065897 -2.123999   -2.1378495  -2.15988463 -1.99203214 -2.09654736
 -2.00126151 -1.87278396 -2.02490406 -1.9827338  -2.14778855 -1.99595803
 -2.14395691 -2.02822106 -2.11994019 -1.92835583 -1.99258805 -2.07868077
 -2.09522305 -1.95860059 -2.01753729 -2.03469948 -1.98417841 -2.01529583
 -1.9930132  -1.96220556 -2.00925161 -2.08179336 -2.08329382 -2.16157929
 -1.98266215 -2.13767084 -2.11630145 -2.00989625 -1.98763236 -2.069396
 -1.98977374 -2.07106818 -2.01476952 -2.04970291 -2.05209506 -2.00335467
 -1.99605082 -2.12587712 -2.04993282 -2.00349676 -2.0698144  -1.98763816
 -2.13192302 -2.04588257 -1.98288292 -2.04108136 -2.06483065 -2.08928759
 -2.11466393 -2.04383282 -2.16304705 -2.04607346 -2.02309411 -1.83617159
 -2.05235362 -2.02565639 -2.03197414 -1.97849277 -2.04328521 -1.97202678
 -2.19004844 -2.03621652 -2.04086593 -1.91583361 -2.13125874 -2.09994752
 -2.02267204 -2.08924842 -2.00628037 -2.10541442 -1.89166721 -2.15853914
 -2.04311918 -2.09681697 -1.97712069 -1.97629665 -2.05656448 -2.04013102
 -2.02067726 -2.08677563 -1.97985724 -1.99800548 -1.99732646 -2.05088603
 -1.97703754 -2.07669754 -2.07965498 -2.05274605 -2.040064   -1.94012499
 -2.07530903 -2.03249906 -1.98701702 -1.96123817]
tilt =
[6.54601347 6.84238632 7.93168154 6.52725879 7.67342614 7.62196594
 7.66891644 6.88076869 7.12418885 7.14277567 7.95229079 6.73404311
 7.18186144 6.777481   6.97968317 7.0280692  7.40987124 6.89087945
 6.44223841 6.88656883 7.02526696 8.09793686 7.25707624 7.84235236
 6.66724419 6.99473188 6.51161074 7.31736035 6.86333911 7.94974592
 7.88128836 7.72309102 6.61646187 7.42737412 6.97765293 6.00128193
 7.43040096 6.52235782 8.08366623 6.37125471 7.13759857 7.65523252
 8.63087631 6.77244266 6.28837489 7.51082716 8.02604902 6.43478032
 7.03143805 7.49892509 7.39232735 7.71908737 6.93178054 6.69460109
 7.09531373 7.31047391 7.58225876 7.80155819 6.41553274 7.13914817
 7.58051973 6.75012525 6.23675236 7.70279438 6.7763651  7.19393494
 6.76239905 7.73555199 7.6225256  6.78573667 6.98072033 8.30780128
 6.90439196 7.63903848 7.52548463 6.91148989 6.9334192  7.69207474
 6.22507874 7.66249437 7.40895642 7.97287915 6.65026122 7.43704133
 8.01666517 7.01179541 6.93967779 6.17585823 6.45974141 7.90831316
 6.09825699 7.22549218 7.18781268 6.7242622  8.31393666 7.70796499
 6.69811366 6.12741225 7.08369301 7.55807322 7.31359691 7.45996156
 7.48340609 7.91458167 6.09890023 8.03088722 6.64537207 6.87882777
 6.66118844 6.69045319 7.12940489 8.29054257 6.44828356 7.09720647
 6.64964333 6.92208364 7.47771769 7.49016279 5.83195349 7.69694668
 7.98226722 7.0928004  7.61985881 6.11749263 7.87074255 7.11102586
 7.47340191 6.36660872 6.49255189 6.83567366 7.69226525 6.8690371
 7.47514965 7.66877233 7.81739617 6.83158887 7.28131845 7.06467695
 7.91047953 6.78047016 7.25159132 6.77769345 7.24683523 6.99305912
 7.66431753 6.90296081 6.41148668 7.2442766  7.11570581 7.83371653
 7.17699975 7.74144304 7.003396   6.92912782 6.4287819  7.5547424
 7.1070728  7.74631398 7.90137311 7.70809488 6.8038955  7.38651701
 6.88142667 6.22359119 7.44482272 6.59571272 7.9586181  6.55125662
 7.37632343 7.44896861 8.27260934 6.69765698 6.65466359 7.4817522
 7.92702014 6.53984955 6.96578653 7.38622901 7.2613579  7.68829835
 6.83049122 6.83453186 6.76096813 7.57230546 7.40980486 7.89308398
 6.39101672 7.38760856 7.50331532 6.61100695 6.3910958  7.61333043
 6.81082227 7.2883435  6.94160137 7.75694291 7.69777515 6.92453848
 6.85415165 8.13413081 7.234718   7.63553177 7.48181982 7.04048625
 7.10683573 7.38106012 6.50698643 7.81805698 7.52567951 7.8650995
 6.89100933 7.76978717 7.91003386 7.5204665  6.75320182 6.374482
 6.65941266 7.71556998 6.37130595 7.19883716 7.1799821  7.04934925
 8.0691453  7.81037772 6.64271511 6.31673156 7.01226801 7.60861624
 7.55242222 7.23506161 7.55810882 7.88374219 6.21685725 7.86250293
 6.66161465 7.05916752 7.07278695 6.62556541 6.92137072 8.0927497
 6.46111084 7.06770264 6.45786446 7.40771646 7.42989437 7.68643972
 6.25566058 7.84799131 7.65305113 7.07072824 7.38275593 6.2778631
 7.75313924 7.38535073 7.50279014 6.73049509]
lna_pivot_ts=-2.071084102609499, tilt_ts=6.720447110581607
chi-squared = 1.707337748767781
################################ degree = 4 ################################
c = [0.1068316 0.0212152]
lna_pivot =
[-2.05179013 -1.96216112 -2.19651338 -2.03263522 -2.12558345 -2.15853142
 -2.19875902 -1.93877892 -2.12669427 -2.00418815 -2.11889074 -1.80942918
 -2.1167068  -1.85488914 -2.1430144  -1.94200308 -2.23913676 -1.84160772
 -2.02535346 -2.04904399 -1.99291411 -2.15165383 -1.96018726 -2.00561397
 -1.87823756 -2.10644    -2.09356    -2.05566771 -1.86474061 -2.1968965
 -2.18109117 -2.2623716  -1.94970335 -2.16351911 -1.98180387 -1.76422578
 -1.99224117 -1.98705644 -2.20624446 -1.98857509 -2.23365254 -2.00993365
 -2.12471552 -1.85003924 -1.9754971  -2.109214   -2.10723002 -1.90123936
 -1.98971726 -2.01428048 -1.94644433 -1.92424623 -1.98304962 -1.91634991
 -2.03493946 -2.07297393 -2.09887972 -2.23488955 -1.99504541 -2.19711277
 -2.17038227 -2.05462271 -2.00852971 -2.06510722 -1.97480536 -2.09449829
 -2.00097797 -1.99742322 -1.99642579 -1.9970051  -2.00883302 -2.1477458
 -2.03452398 -1.90438836 -2.08506736 -1.90942968 -2.24205841 -2.04629814
 -1.96702993 -1.94389517 -2.0283955  -2.08532501 -2.22355967 -2.0019202
 -2.24867442 -1.95361372 -2.09190836 -1.66850462 -2.09464515 -1.97815703
 -2.10416304 -1.92422314 -2.06612098 -1.87960287 -2.31824617 -1.93823395
 -2.11549927 -1.84563165 -2.27153954 -2.12218164 -1.91885682 -2.17049819
 -1.91921192 -2.1372707  -1.79868698 -2.24734037 -2.08629322 -2.16705354
 -1.88127949 -1.97503492 -2.14683936 -1.9708973  -2.06460731 -2.15842958
 -1.99172673 -1.89548885 -1.91886188 -2.02173819 -1.95031805 -2.02818793
 -2.08164755 -2.08706805 -2.01842531 -1.92900488 -2.06054308 -1.98960614
 -1.87280454 -1.89681183 -1.99410548 -1.98641055 -2.11399255 -2.03298972
 -2.08027545 -2.11523836 -2.1436952  -1.97876866 -2.08437924 -2.00534237
 -2.09972138 -1.90689224 -2.06876528 -1.91883296 -2.08799312 -1.98106196
 -2.15184572 -1.93479752 -1.98203075 -2.05191628 -2.02282184 -2.10040938
 -1.9933914  -2.04616559 -1.96519493 -2.04889805 -2.01834529 -2.05887309
 -1.96499509 -2.11884776 -2.13275465 -2.15467123 -1.98600627 -2.091125
 -1.99535571 -1.8662346  -2.01959227 -1.97660031 -2.14279402 -1.98971619
 -2.13846009 -2.02288244 -2.11515315 -1.92228106 -1.98644057 -2.07331822
 -2.09025061 -1.952332   -2.01170998 -2.02930296 -1.97875079 -2.01011963
 -1.98707262 -1.95630377 -2.00327666 -2.07647198 -2.07783884 -2.15651393
 -1.97626604 -2.13214416 -2.11091605 -2.00377213 -1.98121389 -2.06417749
 -1.98379593 -2.06558365 -2.00893045 -2.04457296 -2.04686003 -1.9975482
 -1.9901834  -2.12100782 -2.04434806 -1.99831491 -2.06443345 -1.98193523
 -2.12616856 -2.04044358 -1.97660488 -2.03597346 -2.05948281 -2.08428382
 -2.10871797 -2.03879361 -2.15800217 -2.04072081 -2.01710322 -1.82982603
 -2.04615822 -2.02053887 -2.02544676 -1.97295237 -2.03769309 -1.96628941
 -2.18512896 -2.03112967 -2.03469997 -1.90932193 -2.12546354 -2.09465759
 -2.01736164 -2.08372857 -2.00100533 -2.10038853 -1.88501075 -2.15349163
 -2.03696506 -2.09107394 -1.97137929 -1.97017778 -2.05069888 -2.03530823
 -2.01430906 -2.08101013 -1.97350882 -1.99262284 -1.99197604 -2.04574703
 -1.97039344 -2.0716299  -2.07445753 -2.04703805 -2.03460208 -1.93357544
 -2.07019086 -2.02710947 -1.98169965 -1.955188  ]
tilt =
[6.99705571 7.30730632 8.46667596 6.97429345 8.19039113 8.13095271
 8.18519446 7.34856952 7.60952256 7.62826623 8.49142588 7.20561078
 7.66705562 7.25617686 7.45655638 7.51339666 7.90855784 7.37469069
 6.88048711 7.36421685 7.50368026 8.64126094 7.75075814 8.37707182
 7.13281797 7.46763486 6.95181827 7.82046087 7.33917659 8.48263367
 8.40634455 8.23978597 7.0672713  7.93180991 7.45137033 6.42382088
 7.94789335 6.974113   8.62570537 6.80962318 7.62053252 8.17711887
 9.20398567 7.236419   6.72548246 8.0196833  8.57680106 6.87525791
 7.50693486 8.01126107 7.90848635 8.24700728 7.40332412 7.15908239
 7.5730893  7.80928068 8.08669649 8.32717035 6.85613901 7.61598717
 8.08527807 7.21165388 6.66703584 8.22799748 7.23880174 7.68930789
 7.22819411 8.2639626  8.13664127 7.25686854 7.45993637 8.86619516
 7.38030058 8.16811071 8.03341072 7.39015373 7.39875782 8.20635151
 6.65755928 8.18674969 7.9116421  8.51961169 7.10112776 7.96462693
 8.55202231 7.49700824 7.41159173 6.61416978 6.8970335  8.4507843
 6.51563979 7.72636777 7.67973901 7.19020189 8.866574   8.23756621
 7.15021909 6.5519524  7.55723778 8.06719274 7.8169868  7.96534673
 7.99965896 8.45454965 6.51962202 8.56963761 7.09374358 7.34821862
 7.12307914 7.14927097 7.60915228 8.86255239 6.88509099 7.57265279
 7.0983895  7.40756551 7.9929409  8.01220427 6.23917108 8.22431742
 8.51721723 7.57509852 8.13017082 6.54085212 8.4071371  7.60692827
 7.9885926  6.80989849 6.93787437 7.30095853 8.21277428 7.3367658
 7.98085247 8.18432661 8.34472343 7.29647749 7.77596511 7.54524991
 8.44649548 7.24728768 7.74252594 7.24571011 7.73955463 7.47160018
 8.18105224 7.37802868 6.84899087 7.74042531 7.59984435 8.36274677
 7.66519598 8.26754641 7.48543114 7.39950329 6.86604953 8.07014058
 7.59446766 8.26917778 8.43176546 8.22726986 7.26727575 7.88819344
 7.34931567 6.65447312 7.95516736 7.04899994 8.49500831 6.99965045
 7.87527315 7.9556607  8.82785936 7.15535624 7.11142771 7.98911847
 8.46673317 6.98679536 7.43841084 7.88917419 7.76039005 8.21161906
 7.29581143 7.30414297 7.21985421 8.08670319 7.9077486  8.42602444
 6.82866442 7.88347508 8.00717334 7.06272025 6.82951694 8.13096367
 7.27533982 7.78611594 7.41633865 8.28465081 8.2182776  7.39985626
 7.3228325  8.68301277 7.7288589  8.15761537 7.98832271 7.52283184
 7.58573999 7.87902159 6.95415709 8.34987719 8.03590683 8.40081625
 7.35808297 8.30653427 8.44225149 8.03431353 7.21359509 6.81627777
 7.11106954 8.24143033 6.80568876 7.69220574 7.66970339 7.53293029
 8.61064719 8.34271083 7.09375011 6.75094067 7.48480996 8.12269412
 8.067441   7.72625571 8.07433392 8.41990948 6.64352621 8.39283633
 7.1133371  7.5392355  7.55738765 7.07887215 7.39045948 8.64512509
 6.90077662 7.54465683 6.89695283 7.91811167 7.93756443 8.2140593
 6.68492585 8.38219665 8.16935539 7.55166925 7.88093473 6.70958651
 8.27965156 7.892489   8.01504864 7.19322247]
lna_pivot_ts=-2.064543959595708, tilt_ts=7.118852060623309
chi-squared = 0.1741053568981436
################################ degree = 6 ################################
c = [ 1.12988669e-01  2.59887866e-02  5.49077282e-04 -6.51779652e-05]
lna_pivot =
[-2.05154865 -1.96192872 -2.1963263  -2.03237899 -2.12538749 -2.15833042
 -2.19855681 -1.93854937 -2.1264707  -2.00396977 -2.1186978  -1.80919145
 -2.11648736 -1.85465589 -2.14278235 -1.94177911 -2.23892456 -1.84137855
 -2.02510543 -2.04880336 -1.99268615 -2.15147103 -1.95997196 -2.0054184
 -1.87798621 -2.10621853 -2.09332048 -2.05544685 -1.86450041 -2.19670931
 -2.18089882 -2.26217619 -1.949454   -2.16331199 -1.98157923 -1.76394528
 -1.99203057 -1.98680836 -2.20606003 -1.98831601 -2.23343104 -2.00973553
 -2.12454718 -1.84980469 -1.9752265  -2.10900815 -2.10704013 -1.90098455
 -1.98949499 -2.0140754  -1.94623602 -1.92404444 -1.98282357 -1.9161059
 -2.03472935 -2.07275305 -2.09868286 -2.2346932  -1.99479553 -2.19689352
 -2.17018462 -2.05439283 -2.0082644  -2.06490843 -1.97456844 -2.09427823
 -2.00073619 -1.99722114 -1.99621881 -1.99676626 -2.00861042 -2.14756614
 -2.03428463 -1.90418408 -2.08486182 -1.90919607 -2.24183294 -2.04610519
 -1.96675909 -1.94368672 -2.02818153 -2.08513437 -2.22331843 -2.00170235
 -2.24848938 -1.95337277 -2.09168703 -1.66823657 -2.09439288 -1.97796491
 -2.10388707 -1.92400541 -2.0659027  -1.87935353 -2.31807222 -1.93802869
 -2.11526601 -1.84535786 -2.27132856 -2.12197636 -1.91863459 -2.17029754
 -1.91899975 -2.13707654 -1.79841384 -2.24715629 -2.08605622 -2.16682146
 -1.88102489 -1.97479878 -2.14662687 -1.97064462 -2.06435996 -2.15821306
 -1.99149418 -1.89524419 -1.91865344 -2.02152456 -1.95002125 -2.02798219
 -2.08146309 -2.08684789 -2.01822765 -1.92873167 -2.06034931 -1.98937652
 -1.87259323 -1.8965445  -1.99385975 -1.98617835 -2.11379467 -2.03275462
 -2.0800696  -2.11503772 -2.1434975  -1.9785367  -2.08416283 -2.00512027
 -2.09952662 -1.90665676 -2.0685486  -1.91859914 -2.0877742  -1.98083628
 -2.15164284 -1.93456845 -1.98178048 -2.05169577 -2.02259947 -2.10021588
 -1.99317253 -2.04596623 -1.96496484 -2.04867169 -2.01809839 -2.05866417
 -1.96476973 -2.11865099 -2.13256123 -2.15447241 -1.98576962 -2.09091508
 -1.99512564 -1.86597068 -2.01938251 -1.97635718 -2.14260337 -1.98946907
 -2.13824764 -2.02267537 -2.11497213 -1.92204239 -1.98619493 -2.07311072
 -2.09005687 -1.95208475 -2.0114839  -2.0290928  -1.9785368  -2.00991743
 -1.98684102 -1.95606897 -2.00304749 -2.07626395 -2.07763189 -2.15631938
 -1.97601402 -2.13193396 -2.11071197 -2.00353293 -1.98095929 -2.06397481
 -1.98356162 -2.06536811 -2.00869975 -2.04437263 -2.04665741 -1.99731763
 -1.98995373 -2.12082138 -2.04412714 -1.99811084 -2.06422565 -1.98170935
 -2.12594848 -2.04023636 -1.97635411 -2.03577317 -2.05927476 -2.08408915
 -2.10848743 -2.03859124 -2.1578104  -2.04050783 -2.01687067 -1.82957068
 -2.04591733 -2.02033938 -2.02519007 -1.97273373 -2.03747439 -1.96606041
 -2.18494331 -2.03092995 -2.03446182 -1.90906228 -2.12524361 -2.09445386
 -2.0171523  -2.08351587 -2.00079751 -2.10019309 -1.88474638 -2.15329913
 -2.03672714 -2.09084966 -1.97115004 -1.96993777 -2.05047374 -2.03511993
 -2.01406107 -2.08078952 -1.97326322 -1.99240597 -1.99176607 -2.04554309
 -1.97012735 -2.0714314  -2.07425919 -2.04681608 -2.03439299 -1.93331462
 -2.06999227 -2.02689468 -1.98149037 -1.95494558]
tilt =
[6.98265666 7.29222236 8.45059558 6.95920188 8.17457104 8.1148805
 8.16887719 7.33352314 7.59388824 7.61285825 8.47478428 7.19084027
 7.6513865  7.24161522 7.44093682 7.4982364  7.89246569 7.35989871
 6.86606067 7.348605   7.48819664 8.62488537 7.73513365 8.36072554
 7.11756105 7.45259428 6.93755844 7.80425969 7.32368224 8.46642608
 8.38994202 8.22372318 7.05214134 7.91606603 7.43623983 6.40981617
 7.93217164 6.95950398 8.60926438 6.79502932 7.60490714 8.16126567
 9.18700558 7.2214885  6.71067584 8.00371229 8.56026188 6.86059802
 7.4917625  7.99550099 7.89311558 8.2306401  7.38827066 7.14401585
 7.55842446 7.79308412 8.07112756 8.31077014 6.84181359 7.6004532
 8.06961683 7.19710325 6.65264877 8.21191989 7.22370456 7.67372235
 7.21293935 8.24749535 8.12015099 7.24175681 7.44495259 8.84934811
 7.36462498 8.15199935 8.01739669 7.37488818 7.38359662 8.19067407
 6.64302642 8.17009797 7.89555298 8.50324395 7.08621064 7.94857791
 8.53574006 7.48087303 7.39675156 6.60009314 6.88234047 8.43451793
 6.50125247 7.71085716 7.66421131 7.17471989 8.85014477 8.22103384
 7.1355636  6.53762066 7.54241406 8.05107623 7.80078153 7.94999973
 7.98349673 8.43797855 6.50539853 8.5534267  7.07913571 7.33300992
 7.10754955 7.1345857  7.5941001  8.81865031 6.87069952 7.5574806
 7.08400704 7.39171871 7.97708329 7.99600955 6.225146   8.20774991
 8.5012231  7.55979382 8.11440985 6.52656243 8.39083209 7.59117426
 7.97251844 6.79495042 6.92343896 7.28591736 8.19674413 7.32143805
 7.96505617 8.16813541 8.32821272 7.281476   7.76018824 7.52992629
 8.4298729  7.23233082 7.72680979 7.23088778 7.72373032 7.45639057
 8.16470376 7.36300268 6.83459955 7.72456016 7.58433765 8.34650773
 7.64965666 8.25124659 7.46993871 7.38444103 6.85175957 8.05382765
 7.57883938 8.25300736 8.41524397 8.21106536 7.25210197 7.87244059
 7.33423031 6.64022503 7.93929066 7.03431875 8.47853571 6.98492315
 7.85936831 7.93990044 8.81101961 7.14048627 7.09636453 7.97316686
 8.45017892 6.97209549 7.42324635 7.87344776 7.74493483 8.19530311
 7.28082716 7.28899144 7.20527025 8.07037122 7.89210323 8.40946628
 6.81430461 7.86767133 7.99136827 7.04816879 6.81502287 8.11490206
 7.2602694  7.77041063 7.40099716 8.26821013 8.20184277 7.38460935
 7.30788714 8.66623003 7.71298432 8.14140795 7.97234362 7.5074436
 7.5703468  7.86346886 6.93942379 8.33320316 8.01977149 8.38444397
 7.34290076 8.28999862 8.42585545 8.01788211 7.19883698 6.80185078
 7.0962148  8.22523336 6.79113079 7.67664049 7.65417265 7.51728836
 8.59414487 8.32613169 7.07908733 6.73649521 7.46979045 8.10652274
 8.0511357  7.71091317 8.05811861 8.40334913 6.62923586 8.37658214
 7.09863537 7.52381128 7.54162129 7.06421641 7.37546538 8.62843489
 6.88632254 7.52939226 6.88262041 7.90189919 7.92170054 8.19766275
 6.67043487 8.36555784 8.15345496 7.53634724 7.86524892 6.6952236
 8.26336928 7.87648986 7.99894712 7.17804885]
lna_pivot_ts=-2.0643084497997504, tilt_ts=7.101053478771695
chi-squared = 0.166920450040772
################################ degree = 8 ################################
c = [ 1.19761910e-01  7.87277739e-03 -1.27242834e-02 -2.04087568e-03
  2.38636858e-04  4.88117844e-05]
lna_pivot =
[-2.05139458 -1.9617643  -2.19617033 -2.03222487 -2.12522349 -2.15814941
 -2.19839708 -1.93838723 -2.12632005 -2.00380999 -2.11855522 -1.80906668
 -2.11631743 -1.85453617 -2.14263208 -1.94164416 -2.23875474 -1.84125621
 -2.02492314 -2.04868433 -1.99253662 -2.1513107  -1.95981904 -2.00528162
 -1.8778759  -2.10604218 -2.09312203 -2.05531859 -1.86438012 -2.19654252
 -2.18071914 -2.26199911 -1.94929393 -2.16315727 -1.98141569 -1.7638208
 -1.99191295 -1.98667003 -2.20590094 -1.98816573 -2.23326252 -2.00959073
 -2.12438497 -1.84964898 -1.97508868 -2.10885352 -2.10691315 -1.90082542
 -1.98932681 -2.01393299 -1.94611461 -1.9239126  -1.98266053 -1.91597778
 -2.03454317 -2.07261275 -2.09849038 -2.23453462 -1.99463662 -2.19669648
 -2.16999117 -2.05422952 -2.00811155 -2.06476795 -1.97440977 -2.09414703
 -2.0005991  -1.9970894  -1.99606563 -1.99663995 -2.008461   -2.14741654
 -2.03415347 -1.90406414 -2.0847011  -1.9090702  -2.24163354 -2.04592718
 -1.96662363 -1.94356175 -2.0280348  -2.08500579 -2.22313534 -2.00161103
 -2.24831764 -1.95325694 -2.09151586 -1.66812111 -2.09420803 -1.97783452
 -2.1037103  -1.92387899 -2.06575805 -1.87923059 -2.31789841 -1.93790734
 -2.11507164 -1.8452075  -2.27111698 -2.12181427 -1.91851204 -2.17013577
 -1.91887809 -2.13694219 -1.7982493  -2.24699501 -2.08586463 -2.16666395
 -1.88089878 -1.97464221 -2.14643619 -1.97059774 -2.06417161 -2.15801656
 -1.99129801 -1.89514966 -1.91852488 -2.02141614 -1.94985611 -2.02785706
 -2.08130093 -2.08668838 -2.01805169 -1.92857929 -2.06021211 -1.98926791
 -1.87246753 -1.89641694 -1.99369873 -1.98601595 -2.11364225 -2.0325987
 -2.07991229 -2.1148743  -2.14334657 -1.97837492 -2.08401145 -2.00496159
 -2.09938387 -1.9065137  -2.06838817 -1.91845782 -2.0876239  -1.98068864
 -2.15148633 -1.93442692 -1.98160538 -2.05156063 -2.02244626 -2.10006149
 -1.99301942 -2.04582442 -1.96483114 -2.04850426 -2.01791547 -2.05852695
 -1.9646318  -2.11849469 -2.13240041 -2.15431242 -1.98561007 -2.09076208
 -1.99496351 -1.8658224  -2.01924831 -1.97620481 -2.14245155 -1.98931218
 -2.13808948 -2.0225267  -2.11481923 -1.9218835  -1.98604811 -2.07295879
 -2.08992132 -1.95192329 -2.01132016 -2.02894548 -1.97839805 -2.00977829
 -1.9866789  -1.9559258  -2.00287038 -2.07612045 -2.07745948 -2.15616967
 -1.97584899 -2.13175936 -2.11054055 -2.00336818 -1.98079912 -2.06383015
 -1.98340291 -2.06522549 -2.00855135 -2.04423443 -2.04650851 -1.99717567
 -1.98979792 -2.12067566 -2.04398634 -1.99797778 -2.06407106 -1.98156738
 -2.12577253 -2.0400693  -1.97620425 -2.03563822 -2.05912691 -2.08395124
 -2.10831839 -2.03847487 -2.15765324 -2.04037753 -2.01670369 -1.82942601
 -2.04574278 -2.0202005  -2.02501651 -1.9725932  -2.0373251  -1.96592312
 -2.18478553 -2.03079683 -2.03428333 -1.90890421 -2.12506071 -2.09429943
 -2.01701583 -2.0833568  -2.00066208 -2.10005451 -1.88458021 -2.15314542
 -2.03654976 -2.09069421 -1.9710129  -1.9697767  -2.05029939 -2.03498982
 -2.01388429 -2.08061431 -1.97308168 -1.99228492 -1.99162592 -2.04541644
 -1.96996789 -2.07129688 -2.07410163 -2.04665816 -2.03422863 -1.93315473
 -2.06984959 -2.02676553 -1.98135311 -1.95480382]
tilt =
[7.08676162 7.40039663 8.57420097 7.06362629 8.29418642 8.23296918
 8.28912576 7.44228835 7.70691578 7.72545516 8.59999678 7.29909836
 7.76416952 7.35054225 7.55201915 7.61035696 8.00851408 7.47047118
 6.96758913 7.45983753 7.59985753 8.75058718 7.84976999 8.4845978
 7.22590151 7.56213774 7.03914588 7.92142846 7.4344874  8.58968697
 8.51164092 8.34333542 7.15753466 8.03293287 7.5462922  6.50726307
 8.05108    7.06411652 8.73497405 6.89710436 7.71714739 8.28174684
 9.31981621 7.32899377 6.81214355 8.121878   8.6872811  6.96324339
 7.60233705 8.11401866 8.01094979 8.35317105 7.49766535 7.25176586
 7.66847532 7.90958147 8.1876488  8.43284815 6.94394029 7.71092716
 8.1861105  7.30367497 6.75259878 8.33351541 7.33125524 7.78861842
 7.3213909  8.3703501  8.24028398 7.35089325 7.55555295 8.97888313
 7.47560588 8.27394627 8.13545062 7.48596881 7.49108465 8.30954527
 6.74354412 8.29251886 8.01296083 8.62934259 7.19074506 8.06946395
 8.65961096 7.59437795 7.50563667 6.70045706 6.98413649 8.55951957
 6.59832868 7.82632092 7.77826435 7.28339615 8.97767376 8.34418802
 7.24002259 6.6361135  7.65096948 8.16957382 7.91823798 8.06658957
 8.10326978 8.56311584 6.60294477 8.67811282 7.18303842 7.44209017
 7.21520512 7.24076075 7.70459381 8.9770946  6.97202696 7.66731204
 7.18760404 7.5048752  8.09614427 8.11663905 6.31884968 8.33058357
 8.62506708 7.6716866  8.23258969 6.62479418 8.5150372  7.7062037
 8.0918645  6.89800601 7.02658415 7.39407264 8.31746587 7.43057464
 8.08248915 8.28804474 8.45107509 7.38956626 7.87538413 7.64149896
 8.55452673 7.34054411 7.84107315 7.33903403 7.8385535  7.56747968
 8.2850866  7.47302106 6.93603002 7.84017043 7.69704192 8.46910987
 7.76317269 8.37347696 7.58204651 7.49360417 6.95301131 8.17382951
 7.69225055 8.37431834 8.5385728  8.33170242 7.36006925 7.98890609
 7.44303315 6.7400738  8.0576339  7.13941286 8.60312551 7.08927968
 7.97555489 8.05741869 8.93986002 7.24681073 7.20278488 8.09110695
 8.57541832 7.07608373 7.5331585  7.99019692 7.86021192 8.31698056
 7.38888036 7.39807801 7.31138349 8.19029318 8.00771822 8.53341841
 6.91587862 7.98298261 8.10835446 7.15283941 6.9168856  8.23507798
 7.36827783 7.88608931 7.5114489  8.39096606 8.32318509 7.4950554
 7.41649202 8.79373392 7.82817183 8.26264451 8.09015925 7.61959222
 7.68163101 7.97892858 7.04346758 8.45715554 8.13868227 8.50858435
 7.45156476 8.41426278 8.54942307 8.13793114 7.3054307  6.9040458
 7.201313   8.34717824 6.8922084  7.79109692 7.7679231  7.62995443
 8.71978692 8.45001112 7.18363007 6.83739699 7.57920008 8.22616811
 8.17116566 7.82473738 8.17819209 8.52784449 6.72835828 8.49963788
 7.2035176  7.63556789 7.65470631 7.16931591 7.48410785 8.75630135
 6.98840404 7.64011624 6.98435496 8.02072176 8.03952305 8.32009377
 6.77050001 8.48990932 8.2732823  7.64805016 7.98099415 6.79544998
 8.3856888  7.99441791 8.11809042 7.28580402]
lna_pivot_ts=-2.0641282654103796, tilt_ts=7.203406900632242
chi-squared = 0.15025370058970272
