-2.051307190533207869e+00 7.096989191386848361e+00
-1.961681060466218929e+00 7.411255719721814295e+00
-2.196102490834568322e+00 8.587795385180386987e+00
-2.032134437525830783e+00 7.073612761199723487e+00
-2.125152593638572451e+00 8.307158401428443639e+00
-2.158077230406238112e+00 8.245691238339855289e+00
-2.198324533450880303e+00 8.301815674777293097e+00
-1.938304844064095978e+00 7.453272230256680508e+00
-2.126240076254259925e+00 7.718290885141111168e+00
-2.003731356697572075e+00 7.736991395739159394e+00
-2.118485818467823023e+00 8.613304396115255557e+00
-1.808980178818252238e+00 7.309576990639302885e+00
-2.116238839391220150e+00 7.775730923782698589e+00
-1.854450876324293729e+00 7.361199048423737068e+00
-2.142549371176552864e+00 7.562975068446024629e+00
-1.941563200802699729e+00 7.621576717527087652e+00
-2.238678859333087523e+00 8.020536345061518801e+00
-1.841172721155112324e+00 7.481385191758909592e+00
-2.024834145524160967e+00 6.977605373545109124e+00
-2.048598710510171284e+00 7.470466046359915069e+00
-1.992455246750322484e+00 7.611045667925299796e+00
-2.151244421199041135e+00 8.764568788952496803e+00
-1.959741594761392980e+00 7.861527171712175743e+00
-2.005211184071404862e+00 8.497695201304923174e+00
-1.877785848562810944e+00 7.236043114799891818e+00
-2.105962326743415769e+00 7.573464698064786838e+00
-2.093035667122730370e+00 7.049454978928376470e+00
-2.055239716881405609e+00 7.933004160374149016e+00
-1.864294141865931120e+00 7.445088282934714918e+00
-2.196474680009523173e+00 8.603310921533141808e+00
-2.180649903901822118e+00 8.524982960987077973e+00
-2.261928467442140267e+00 8.356338870958357035e+00
-1.949205564248548628e+00 7.167752539390606081e+00
-2.163082517917447767e+00 8.045124589793045899e+00
-1.981334910585203612e+00 7.557513894975690150e+00
-1.763719773630797016e+00 6.516139191274555209e+00
-1.991836680311904306e+00 8.063112999147062254e+00
-1.986580669734788529e+00 7.074161054889269273e+00
-2.205834205359693101e+00 8.748888777034487418e+00
-1.988073480720945918e+00 6.906831591193758335e+00
-2.233183216811078786e+00 7.728583652194978448e+00
-2.009519094402635098e+00 8.294539616641987578e+00
-2.124323826333987419e+00 9.335223614754839971e+00
-1.849564522692379365e+00 7.339659733420857535e+00
-1.974993408850428400e+00 6.821567424696841186e+00
-2.108779429445847509e+00 8.134227853689644405e+00
-2.106844705006774454e+00 8.700766535886870656e+00
-1.900734639760979672e+00 6.973143285771878475e+00
-1.989247033748726023e+00 7.613736863511237019e+00
-2.013858968230704427e+00 8.126385914316657022e+00
-1.946039082882092597e+00 8.023057217393917639e+00
-1.923840045313653491e+00 8.365856228683533402e+00
-1.982579132520729148e+00 7.508770125206138957e+00
-1.915890070581841131e+00 7.262067104847462318e+00
-2.034466648483820084e+00 7.680328263176240178e+00
-2.072534128771817752e+00 7.921216014340236811e+00
-2.098419118403381578e+00 8.200558777842365643e+00
-2.234463895538119083e+00 8.445874056924864703e+00
-1.994546688808782831e+00 6.953883041031969192e+00
-2.196618373190458495e+00 7.722448665728046002e+00
-2.169919623029534783e+00 8.198929598828714305e+00
-2.054146262048033300e+00 7.314463204687258191e+00
-2.008016918846510901e+00 6.762029235706936703e+00
-2.064696232231506556e+00 8.346335218058694494e+00
-1.974324982042790388e+00 7.341888331670006984e+00
-2.094067806540843790e+00 7.800121233768141593e+00
-2.000512796829237328e+00 7.331863036023836599e+00
-1.997016848556094182e+00 8.383045517371172650e+00
-1.995991852479903850e+00 8.252763798900492276e+00
-1.996553953338446874e+00 7.361415658394641959e+00
-2.008380425858762752e+00 7.566751654670235361e+00
-2.147351634315926905e+00 8.993235280712008617e+00
-2.034068547692813755e+00 7.486300773862726743e+00
-1.903990294754902779e+00 8.286427171580658779e+00
-2.084627214262479544e+00 8.147855023291343812e+00
-1.908986100631270943e+00 7.496803991300447834e+00
-2.241552786930848029e+00 7.502162111942268119e+00
-2.045857195808024720e+00 8.322714651400055175e+00
-1.966527634241894029e+00 6.752885828216229847e+00
-1.943487306647900370e+00 8.304907348026423719e+00
-2.027958410917932941e+00 8.024978752555734118e+00
-2.084937037238481672e+00 8.642778176502009302e+00
-2.223049122295202018e+00 7.201110284330743738e+00
-2.001531626398630692e+00 8.081222297119760256e+00
-2.248250502437871390e+00 8.673419856520185434e+00
-1.953172136823177807e+00 7.605185505904480614e+00
-2.091435618708396227e+00 7.516845222922087011e+00
-1.668023208281458558e+00 6.709678498028663896e+00
-2.094118469622997747e+00 6.994108410718956392e+00
-1.977765180858376048e+00 8.572801004183544293e+00
-2.103612691245751343e+00 6.607427681017861154e+00
-1.923800180128543591e+00 7.837888014922945956e+00
-2.065679453000238031e+00 7.789816511132982235e+00
-1.879142087220927015e+00 7.293657261479222775e+00
-2.317834871363348093e+00 8.992350601325199477e+00
-1.937833701080899251e+00 8.356724073301789346e+00
-2.114987697483716289e+00 7.250676182796772729e+00
-1.845110183938367898e+00 6.645287993207787736e+00
-2.271040180848802770e+00 7.662666365848822103e+00
-2.121740597325002753e+00 8.182040394772334579e+00
-1.918432745941945683e+00 7.929813251912029237e+00
-2.170062917034889072e+00 8.079122624837767219e+00
-1.918801764642943164e+00 8.115300710187653976e+00
-2.136872225993506902e+00 8.576277465699908120e+00
-1.798151948872993788e+00 6.612101800546994035e+00
-2.246928215909369975e+00 8.691988076406993002e+00
-2.085779634074113265e+00 7.193582191783045587e+00
-2.166580810598368600e+00 7.452956159671008329e+00
-1.880809015105769255e+00 7.225306064255070382e+00
-1.974556980765687753e+00 7.251294591395359923e+00
-2.146359060698354693e+00 7.716311153294942216e+00
-1.970532194193260977e+00 8.991249910931447431e+00
-2.064083033638440146e+00 6.982103187013063206e+00
-2.157938610773698418e+00 7.678902747337507328e+00
-1.991214047379708640e+00 7.198271839448378451e+00
-1.895061928697823417e+00 7.515420152051144775e+00
-1.918449668330650892e+00 8.108327985374819136e+00
-2.021338980410106956e+00 8.128586744319083124e+00
-1.949752176413453775e+00 6.327458495279739026e+00
-2.027783359135662433e+00 8.343100756014713681e+00
-2.081234051271600993e+00 8.638960028686804904e+00
-2.086609125919623331e+00 7.683134231289633576e+00
-2.017980247191268894e+00 8.245483615569757063e+00
-1.928481976370101547e+00 6.633941728073057931e+00
-2.060142232878727331e+00 8.528249284980606859e+00
-1.989185247023727454e+00 7.717313546621872078e+00
-1.872391439417159020e+00 8.103929805626931326e+00
-1.896322509327322603e+00 6.907550550482568497e+00
-1.993610224378993268e+00 7.036690019154741016e+00
-1.985932627662179817e+00 7.404916426879579738e+00
-2.113570828871722984e+00 8.330338870840298782e+00
-2.032514890207118174e+00 7.441389420094394858e+00
-2.079838164119927946e+00 8.094850891927562131e+00
-2.114802213621205684e+00 8.300820149246057156e+00
-2.143275663976279777e+00 8.464105455503988296e+00
-1.978291704930091433e+00 7.400421451249867388e+00
-2.083933913510347402e+00 7.887160131824051845e+00
-2.004881717625432103e+00 7.652853371385512027e+00
-2.099313888757926350e+00 8.567731369284480536e+00
-1.906428869180028851e+00 7.351183696049946370e+00
-2.068310492447229976e+00 7.852810480663880099e+00
-1.918373255289485435e+00 7.349698261853421677e+00
-2.087545589320364492e+00 7.850197908674121372e+00
-1.980607411493563452e+00 7.578644697285185750e+00
-2.151413644834912819e+00 8.297744358770826167e+00
-1.934344250068883220e+00 7.483975458866616748e+00
-1.981515573790145757e+00 6.945967359626690651e+00
-2.051481690602825481e+00 7.851735519881803071e+00
-2.022366574374727222e+00 7.708470391089116802e+00
-2.099991674793132646e+00 8.482316139235615893e+00
-1.992940829612455111e+00 7.774750956185707551e+00
-2.045752720306028394e+00 8.386326044183233464e+00
-1.964748682658852275e+00 7.593075266929028899e+00
-2.048422858445040351e+00 7.504714338833123222e+00
-2.017826670754705454e+00 6.963056107938409234e+00
-2.058452134597679617e+00 8.186090444587049930e+00
-1.964551104101408097e+00 7.703536327651397286e+00
-2.118423753666380360e+00 8.387301182885360973e+00
-2.132330858458277856e+00 8.551881686347616807e+00
-2.154240852469665679e+00 8.344567307907391651e+00
-1.985525558706244587e+00 7.370768921460436829e+00
-2.090686493445590877e+00 8.000987456482958393e+00
-1.994881004595811413e+00 7.453995401214551286e+00
-1.865727687887309472e+00 6.749498204557718317e+00
-2.019172780223225327e+00 8.069750776423463279e+00
-1.976117375279938360e+00 7.149682971520602059e+00
-2.142382870673450235e+00 8.616605207863194948e+00
-1.989223791873170111e+00 7.099449826455020762e+00
-2.138013345110660879e+00 7.987569336084569649e+00
-2.022452063490655316e+00 8.069671201486178447e+00
-2.114753966952349629e+00 8.954140890286421239e+00
-1.921797854197759392e+00 7.257320515846663156e+00
-1.985960499742619234e+00 7.213073122182138697e+00
-2.072884175046518784e+00 8.103381558951662456e+00
-2.089851597362492708e+00 8.588661566209330189e+00
-1.951834850587770287e+00 7.086245794510918294e+00
-2.011239066294653988e+00 7.544341592705489319e+00
-2.028869821667962814e+00 8.002278696631760724e+00
-1.978320718565320435e+00 7.871981315807081714e+00
-2.009705643812026654e+00 8.329646147543886769e+00
-1.986595663405512857e+00 7.399726202920884788e+00
-1.955841519206228840e+00 7.408797062188335225e+00
-2.002787554990678842e+00 7.322243212013304969e+00
-2.076046027479184097e+00 8.202638774699826385e+00
-2.077384998210453748e+00 8.020016722011748200e+00
-2.156099733693717102e+00 8.546633671718314673e+00
-1.975758529556375098e+00 6.925760426581152096e+00
-2.131684026625615402e+00 7.995129509257517419e+00
-2.110467117364888345e+00 8.120847915286175223e+00
-2.003281992741039463e+00 7.163247362216758951e+00
-1.980708000460794427e+00 6.926701418387686715e+00
-2.063757189403562009e+00 8.247667958232995034e+00
-1.983318911163452825e+00 7.379023153503633914e+00
-2.065148065995513704e+00 7.897875737147884045e+00
-2.008468740228399607e+00 7.522418156657689536e+00
-2.044162494215346015e+00 8.403777585001396488e+00
-2.046435944122616757e+00 8.335880929782772952e+00
-1.997092847551741102e+00 7.505984759882058377e+00
-1.989715147534000694e+00 7.427387172513427060e+00
-2.120608565324120232e+00 8.807569866019951732e+00
-2.043907373410753792e+00 7.839729913773361147e+00
-1.997904394840645859e+00 8.275173692972856543e+00
-2.063996439314444320e+00 8.102438997869070292e+00
-1.981486291437638325e+00 7.630808311609944106e+00
-2.125693610595425831e+00 7.693133785568808669e+00
-2.039994532663514271e+00 7.991154982425811681e+00
-1.976114619748832402e+00 7.053491506592055593e+00
-2.035566537353494798e+00 8.470038010189837152e+00
-2.059052400308409414e+00 8.151013263899017147e+00
-2.083881105249921539e+00 8.521746966029009940e+00
-2.108235866936927660e+00 7.462518741472168315e+00
-2.038401985965365260e+00 8.426918410831632400e+00
-2.157584141965707136e+00 8.562809030684372047e+00
-2.040301583297055021e+00 8.150043646126087893e+00
-2.016619854782323529e+00 7.316148559557798414e+00
-1.829334035823672266e+00 6.913779544679872657e+00
-2.045656734476281713e+00 7.211769825321409755e+00
-2.020128629908219065e+00 8.359971726297223071e+00
-2.024925013904803173e+00 6.901975233729373826e+00
-1.972514501390291164e+00 7.802660950420035491e+00
-2.037246434778893889e+00 7.779486889728442378e+00
-1.965841292664911366e+00 7.641070647799874216e+00
-2.184718453913489178e+00 8.733614259221987197e+00
-2.030725185026395874e+00 8.462896528831162613e+00
-2.034197753411989940e+00 7.194110181215799038e+00
-1.908811422182775219e+00 6.847032507529994483e+00
-2.124981420603786031e+00 7.590607646609011994e+00
-2.094226301399949808e+00 8.238742024306437983e+00
-2.016940932860015412e+00 8.183441920613482523e+00
-2.083280005556926273e+00 7.836590328470300904e+00
-2.000587517945433547e+00 8.190504650353775062e+00
-2.099984208576681333e+00 8.540963944550343356e+00
-1.884485765489684050e+00 6.737802940294113974e+00
-2.153075951786865172e+00 8.512936644371965400e+00
-2.036464430597652697e+00 7.214049917578187809e+00
-2.090613848482813175e+00 7.646870383119425796e+00
-1.970931176226853321e+00 7.665844119835624859e+00
-1.969690308414212332e+00 7.179704754355756613e+00
-2.050218252962609178e+00 7.495228594201345906e+00
-2.034921963424479951e+00 8.769943575619304710e+00
-2.013795418723463460e+00 6.998471637157394731e+00
-2.080535069548052007e+00 7.651564994923701235e+00
-1.972993360981487587e+00 6.994468234627359671e+00
-1.992207192044898711e+00 8.032528651521985807e+00
-1.991550355741177336e+00 8.051633910517342230e+00
-2.045343095266583866e+00 8.332633133375502155e+00
-1.969873455420536601e+00 6.779985601150500862e+00
-2.071225700561387217e+00 8.502887943089501022e+00
-2.074030051874136582e+00 8.286146049782455947e+00
-2.046578388582823038e+00 7.659429302321504984e+00
-2.034153427958686144e+00 7.993161327747971612e+00
-1.933061400943938857e+00 6.805006300146994036e+00
-2.069778136481644548e+00 8.398589174954283365e+00
-2.026688429467185415e+00 8.006294887758413026e+00
-1.981278019657053413e+00 8.130306199843497339e+00
-1.954717250346716950e+00 7.296237711721927255e+00
