-2.173989912801471025e+00 8.495544906558988529e+00
-2.063939707495102027e+00 8.669547363555189179e+00
-2.184738800717105800e+00 8.093418959982292549e+00
-2.103319641309038257e+00 7.959085042737294557e+00
-2.156337297830754007e+00 8.616061899001920210e+00
-2.166903760837051163e+00 8.724517499807024734e+00
-2.175461577087133058e+00 7.944118056109031656e+00
-2.035443296980642192e+00 8.263974302903902114e+00
-2.154608180524054450e+00 7.986675474267033614e+00
-2.065670345459617252e+00 8.326833101345927801e+00
-2.101164475518630947e+00 8.203776079332255833e+00
-1.916981748917651496e+00 8.039175295355686757e+00
-2.159393884433699728e+00 8.796591359378703956e+00
-1.947411622250112329e+00 7.698533327206857457e+00
-2.185507813414695022e+00 8.597478926341572958e+00
-2.041029694108788206e+00 8.582207414123187661e+00
-2.207216300939594866e+00 7.754070465936706569e+00
-1.965165403582513237e+00 8.510043544942538674e+00
-2.157354492741348828e+00 8.918054380595558328e+00
-2.088309214045705353e+00 7.805337303405719851e+00
-2.046266985192821242e+00 7.753753905707885252e+00
-2.127890017586695048e+00 8.047644224555183357e+00
-2.019569941703452276e+00 8.357817173828351542e+00
-2.041895609017490010e+00 8.867746851416288933e+00
-1.973810294661688225e+00 8.221566304217796883e+00
-2.175191152017821317e+00 8.389441858434548038e+00
-2.215907853792353777e+00 8.699487258975247883e+00
-2.085846584871722253e+00 8.665279337379264035e+00
-1.950404511505832605e+00 8.258081170801512272e+00
-2.192948210227743555e+00 8.624175332139021322e+00
-2.164377293392443224e+00 8.618767423813759265e+00
-2.240524985236853617e+00 8.223701242038334414e+00
-2.055996988092962940e+00 8.805899867476897569e+00
-2.187442533324964522e+00 8.429116794959663039e+00
-2.073346038388182766e+00 8.504433017080277324e+00
-1.933855312041683705e+00 8.017664830170630808e+00
-2.046582438146808514e+00 8.555355019519131687e+00
-2.103063242306966618e+00 8.304458954803331849e+00
-2.191729202215851657e+00 8.508732110504395152e+00
-2.100844268762885214e+00 7.994425997128900896e+00
-2.229624320389820280e+00 7.772142404300176111e+00
-2.039217808228276585e+00 8.131438109276954762e+00
-2.091105608059942167e+00 8.504403968746599318e+00
-1.973422235847758666e+00 8.699853543550055690e+00
-2.089420152786534146e+00 8.531897571380799405e+00
-2.126984642219809540e+00 8.320460975550187044e+00
-2.083808043828373258e+00 7.893499514701586506e+00
-2.019312214751557644e+00 7.959726859773253338e+00
-2.073224390988246846e+00 8.269034118524222876e+00
-2.072652799809034274e+00 8.712595055502422525e+00
-2.002308344116032313e+00 8.167314780409233421e+00
-1.962418971434534809e+00 8.639403870480522940e+00
-2.068833231760599300e+00 8.272963918330788147e+00
-2.004827062355618139e+00 8.109165820693862159e+00
-2.138686107180586937e+00 8.628703793119084864e+00
-2.096240289879037100e+00 8.458978627869916167e+00
-2.128209665631593861e+00 8.331458372242078525e+00
-2.203659267443749403e+00 8.082310362688890137e+00
-2.131064440352222089e+00 8.347660274371268230e+00
-2.204587169112062650e+00 8.128224328959507972e+00
-2.187609478102559901e+00 8.563533090783696622e+00
-2.170277346911605232e+00 8.603384805332503049e+00
-2.126644678705632341e+00 8.045529809009362765e+00
-2.083498748474868822e+00 8.180754050006475708e+00
-2.070419528777040163e+00 8.606878179238815818e+00
-2.141361120881112967e+00 8.244428759594660150e+00
-2.071547731491011568e+00 8.060433490487726615e+00
-2.010755444542224879e+00 8.255927411704591989e+00
-2.025597607454935112e+00 8.881011323570225713e+00
-2.080323225739982629e+00 8.296748970436896187e+00
-2.080038384098019666e+00 7.953896902642875411e+00
-2.117149790349906802e+00 8.291248780956529174e+00
-2.069130587840104507e+00 7.769874201250000390e+00
-1.934207560429187955e+00 8.017268740073509647e+00
-2.103003543979071743e+00 8.308222897871353041e+00
-1.994317714045382051e+00 7.975156433582084148e+00
-2.256228756202065533e+00 7.932509652594571747e+00
-2.080015225408261337e+00 8.288897823898793149e+00
-2.081569786138480538e+00 7.883700272819102572e+00
-1.951788529815738915e+00 7.955322592085201983e+00
-2.067580438596679837e+00 8.466633237931114664e+00
-2.091953617134979293e+00 8.297832568801970510e+00
-2.256334860140925436e+00 7.787188989113030146e+00
-1.988613040906489715e+00 7.566980424258439974e+00
-2.225704654043336728e+00 8.416899330675370550e+00
-1.982011371843223513e+00 7.670470736797680544e+00
-2.159303949860868599e+00 8.073551576244000216e+00
-1.841792583996222588e+00 8.446397900886548626e+00
-2.169373428344989918e+00 7.931342425717006428e+00
-1.989543976153872684e+00 8.115872098452079797e+00
-2.207905765799989428e+00 8.463629427253707149e+00
-1.994050964687263949e+00 8.496412903260671001e+00
-2.091236233724746540e+00 7.642806883629657655e+00
-1.967094800466627547e+00 8.385238570635021205e+00
-2.281451156795775592e+00 8.724500018143920954e+00
-1.957976225938090398e+00 8.164006867783854204e+00
-2.194797633568516648e+00 8.270624482238336128e+00
-2.009416539211863473e+00 8.650997128147484005e+00
-2.309915444125088868e+00 8.411246044707647584e+00
-2.111960878499972605e+00 7.731892099725701684e+00
-1.968982035753891635e+00 8.412829343257953951e+00
-2.224307745439362272e+00 8.753019235068812520e+00
-1.953513423121835846e+00 8.195572229299033395e+00
-2.124705257964902838e+00 8.385950244576553914e+00
-1.975727569052127208e+00 8.793028245342114246e+00
-2.239490958421280986e+00 8.603034323536485672e+00
-2.180681838731987288e+00 8.350912235858443111e+00
-2.208164651604477502e+00 7.948848492440133917e+00
-1.975403739901868461e+00 8.714241566864618704e+00
-2.091272097850138234e+00 8.522527071427917988e+00
-2.203466190846833150e+00 8.587961258951306576e+00
-1.951115644964184215e+00 7.911228277733006742e+00
-2.183090375782664516e+00 8.510306229523271426e+00
-2.198163298974632696e+00 8.280141094049056960e+00
-2.110191332771340189e+00 8.299889337625364405e+00
-1.935375659222683620e+00 7.769121388308700915e+00
-1.969781614190025953e+00 8.268689251487908010e+00
-2.042021602687225545e+00 8.355214306943437919e+00
-2.072878440056305394e+00 7.471146283772174712e+00
-2.039475159332081233e+00 8.274433204369357142e+00
-2.116625866962884572e+00 8.739336837427172711e+00
-2.146973114619188383e+00 8.355096588366931698e+00
-2.064968819478313566e+00 8.626485510309398919e+00
-2.065467611669661085e+00 8.184779657233999473e+00
-2.070715105451028215e+00 8.194997046871526081e+00
-2.034838744717871961e+00 8.071531047218773125e+00
-1.927539913210587486e+00 8.451807844252392954e+00
-2.012505351527638986e+00 8.462631188205751442e+00
