-2.173876954093273195e+00 8.538747735617116419e+00
-2.063821306016433432e+00 8.713095590681783520e+00
-2.184617918275892023e+00 8.134667035784584499e+00
-2.103197811803590778e+00 7.999787548003411075e+00
-2.156216958103351011e+00 8.659265284481264757e+00
-2.166775946553819665e+00 8.767548035235339654e+00
-2.175336266004793906e+00 7.984538533408889194e+00
-2.035324395291768340e+00 8.306021686863953590e+00
-2.154487970471558711e+00 8.027558335663345090e+00
-2.065552850875920221e+00 8.369217397461360619e+00
-2.101046043373777206e+00 8.245610036667589071e+00
-1.916862342030611233e+00 8.080006381059892107e+00
-2.159272366339012983e+00 8.840364839073078684e+00
-1.947302389474702577e+00 7.738820373580229450e+00
-2.185389913420260122e+00 8.640763937390685712e+00
-2.040919825747785410e+00 8.625954922467089503e+00
-2.207088938137900413e+00 7.793649078599607094e+00
-1.965059868048078195e+00 8.553766413471411312e+00
-2.157235356076274257e+00 8.962416341442631662e+00
-2.088197035072862473e+00 7.845912639852757664e+00
-2.046147736382048166e+00 7.793818445122424166e+00
-2.127768079852459859e+00 8.088692600293924784e+00
-2.019453360785009810e+00 8.400369776809956335e+00
-2.041783691632621522e+00 8.912438411705345231e+00
-1.973704194559327885e+00 8.264141710341279534e+00
-2.175067931389664366e+00 8.431629504331299430e+00
-2.215782571439345539e+00 8.742602427457272896e+00
-2.085736004038281521e+00 8.709299124038492934e+00
-1.950295986289681149e+00 8.300701835172821674e+00
-2.192826265018876342e+00 8.667298880940386141e+00
-2.164248489893858096e+00 8.661374641419852694e+00
-2.240396977671541112e+00 8.264962119097344129e+00
-2.055878774020933886e+00 8.849952603653274963e+00
-2.187324686556460840e+00 8.471796538985925551e+00
-2.073227149224665666e+00 8.547349513086352601e+00
-1.933747650505282190e+00 8.059331086424085910e+00
-2.046475991387824767e+00 8.599186256484111723e+00
-2.102952464432411350e+00 8.347082714402581871e+00
-2.191606690901964694e+00 8.551388254795041277e+00
-2.100726989194166006e+00 8.035506606118495654e+00
-2.229497610030129806e+00 7.811810509024841309e+00
-2.039102630508029534e+00 8.173215364520585169e+00
-2.090980810163311610e+00 8.546931056521282599e+00
-1.973309391867679841e+00 8.743902762854380839e+00
-2.089309998143784153e+00 8.575419715643075591e+00
-2.126865694028427178e+00 8.362707650250827740e+00
-2.083693623630950675e+00 7.934348726302387078e+00
-2.019193744086972053e+00 8.000650957153606413e+00
-2.073101966689727238e+00 8.310858006325599234e+00
-2.072539936143787287e+00 8.756642657478934666e+00
-2.002201552468261259e+00 8.209676346905958155e+00
-1.962306979668972717e+00 8.683273060919818320e+00
-2.068715028999581040e+00 8.315096752394937951e+00
-2.004717819171579762e+00 8.151150316042379274e+00
-2.138564027041606419e+00 8.671826159731205408e+00
-2.096123176429489643e+00 8.501834136382193208e+00
-2.128078774634374781e+00 8.372913226470220849e+00
-2.203535108740934501e+00 8.123310168637424056e+00
-2.130948330459774720e+00 8.390144967908570450e+00
-2.204450690295807203e+00 8.168550016611058950e+00
-2.187478627857606384e+00 8.605774977687092431e+00
-2.170161534564176709e+00 8.646811282721900582e+00
-2.126528168564775001e+00 8.086845628001233521e+00
-2.083382569281362340e+00 8.222631485366322934e+00
-2.070303111005217467e+00 8.650333830655210221e+00
-2.141248088899005531e+00 8.286680691654684239e+00
-2.071433866439993832e+00 8.101967220624427313e+00
-2.010641340348225281e+00 8.298237606941341937e+00
-2.025479103460436914e+00 8.925318992246831229e+00
-2.080214435741887247e+00 8.339459167032321929e+00
-2.079923536147056051e+00 7.994974131151831642e+00
-2.117028688734776232e+00 8.333241053175049373e+00
-2.069015140572669775e+00 7.810168020881922857e+00
-1.934094007028339890e+00 8.058579769107584667e+00
-2.102882329205164158e+00 8.350289408687750381e+00
-1.994206479805461285e+00 8.016511256128996621e+00
-2.256094750793179671e+00 7.972311860771038816e+00
-2.079891020465005180e+00 8.330707673752645093e+00
-2.081457027986841180e+00 7.924568990529055057e+00
-1.951672763105903652e+00 7.996348628872028463e+00
-2.067461420746424139e+00 8.509394239595303944e+00
-2.091840292217663766e+00 8.340308584577853068e+00
-2.256205275317385794e+00 7.826737311076638726e+00
-1.988505915529759527e+00 7.606815817018878434e+00
-2.225577950337103594e+00 8.458931502625212318e+00
-1.981898213934303765e+00 7.710484438600268220e+00
-2.159184546979791008e+00 8.114832191462340916e+00
-1.841676015667765176e+00 8.487701939035698473e+00
-2.169243251291722352e+00 7.971412209300846818e+00
-1.989431486030103668e+00 8.157742741532931774e+00
-2.207778177973366951e+00 8.505792517688671950e+00
-1.993943562719049378e+00 8.540010899183405613e+00
-2.091118356041183013e+00 7.682464493404227213e+00
-1.966986112249114349e+00 8.428310818140566596e+00
-2.281325872268088251e+00 8.767685757470756513e+00
-1.957863569730651010e+00 8.206036028770608226e+00
-2.194670264200578647e+00 8.312116388052444904e+00
-2.009305490004553274e+00 8.694943654274084111e+00
-2.309724569335575239e+00 8.441805087362332927e+00
-2.111837678283549291e+00 7.771654500998360859e+00
-1.968870554656393379e+00 8.455854318033171779e+00
-2.224190970531153333e+00 8.796912101780847593e+00
-1.953402906119672711e+00 8.237845942352722162e+00
-2.124590873039916783e+00 8.428693793941205215e+00
-1.975613373601960321e+00 8.837317004753110439e+00
-2.239369038724153604e+00 8.646043238354621963e+00
-2.180553359190696927e+00 8.392592117732464274e+00
-2.208042610963794505e+00 7.989457028065165112e+00
-1.975296607855749675e+00 8.758643364456920821e+00
-2.091158220294787373e+00 8.565825186255954904e+00
-2.203342049431062044e+00 8.630809283141910981e+00
-1.951002944257123950e+00 7.952243924628570326e+00
-2.182964198935858580e+00 8.552705915632511591e+00
-2.198032554668828187e+00 8.321422053138043395e+00
-2.110065686001307395e+00 8.341615733994879989e+00
-1.935267582555571853e+00 7.809720585315067076e+00
-1.969670726428806473e+00 8.311231977211344102e+00
-2.041915400491566501e+00 8.398296996554046601e+00
-2.072757718343150035e+00 7.509964224409784173e+00
-2.039361212445099714e+00 8.316789379191869003e+00
-2.116505179904899059e+00 8.782946798210852890e+00
-2.146854228192653036e+00 8.397451067435458327e+00
-2.064844835292968472e+00 8.669494231892375780e+00
-2.065353703695725240e+00 8.226797487195215197e+00
-2.070599139099337904e+00 8.236946039057787772e+00
-2.034731118378640513e+00 8.113426584008159637e+00
-1.927427867480930646e+00 8.494899205876752291e+00
-2.012398013516591089e+00 8.506057053261764977e+00
