-2.174717415974498191e+00 8.580165283332190640e+00
-2.064641021616212768e+00 8.755067720654482244e+00
-2.185530218426959603e+00 8.176637783599568721e+00
-2.104136792561076774e+00 8.041707866027165252e+00
-2.157040945359043338e+00 8.701068089918809534e+00
-2.167582158516016655e+00 8.809346082478628048e+00
-2.176273954672035771e+00 8.026332623105719932e+00
-2.036212263873327100e+00 8.348183969272120919e+00
-2.155419132852388842e+00 8.069355990601517092e+00
-2.066432136889414295e+00 8.411599311425238312e+00
-2.101942052487386192e+00 8.287662951795491395e+00
-1.917774259798486591e+00 8.120260518739609523e+00
-2.160071515967231015e+00 8.882344890773165247e+00
-1.948305462424771539e+00 7.781015605920265088e+00
-2.186215754671676059e+00 8.682447998626004804e+00
-2.041751219030264242e+00 8.667466976494585751e+00
-2.208064775552124104e+00 7.835534771457353109e+00
-1.965903533699281613e+00 8.594915052128566657e+00
-2.158016456386507631e+00 9.004255795791634043e+00
-2.089166217628762645e+00 7.887616627586186091e+00
-2.047132353137528948e+00 7.835927772770402200e+00
-2.128695984614374925e+00 8.131091954862686322e+00
-2.020327529410689493e+00 8.442692487091576936e+00
-2.042573866805792449e+00 8.954181747670045155e+00
-1.974596357197613949e+00 8.305433683898170827e+00
-2.175927196399105146e+00 8.473437070652474645e+00
-2.216588455613612396e+00 8.784070976277456921e+00
-2.086555057265392588e+00 8.750977776069595038e+00
-1.951184169849693895e+00 8.342452625827606383e+00
-2.193649758979637099e+00 8.709238230110988965e+00
-2.165071314322767115e+00 8.703263628296367571e+00
-2.241281947868556390e+00 8.306778546367024063e+00
-2.056678351988960873e+00 8.891968152849049289e+00
-2.188178667348616990e+00 8.513636645534473857e+00
-2.074071894231968027e+00 8.589310930261696342e+00
-1.934680917295087399e+00 8.100992128703476070e+00
-2.047311288776996641e+00 8.640394583094762382e+00
-2.103827231503331063e+00 8.388599168225299607e+00
-2.192445495294076174e+00 8.593102522156600642e+00
-2.101657963396792894e+00 8.077277541538936845e+00
-2.230465616120226091e+00 7.853449590486786924e+00
-2.040017362723985261e+00 8.215616424853267930e+00
-2.091827953702310339e+00 8.589192628621946213e+00
-1.974128201567912244e+00 8.786037244108541699e+00
-2.090147929339124744e+00 8.616892036450630954e+00
-2.127742166335517382e+00 8.404866643004870852e+00
-2.084649349094867432e+00 7.976467631041032291e+00
-2.020138585859978519e+00 8.042865818223770447e+00
-2.073984353148002224e+00 8.352749029877404752e+00
-2.073351612364916274e+00 8.798323396357593751e+00
-2.003107974871999541e+00 8.251571745481671272e+00
-1.963135039511638702e+00 8.725343179018548057e+00
-2.069601895731307817e+00 8.357359501867076546e+00
-2.005633990756825913e+00 8.193090403710918679e+00
-2.139385603335909991e+00 8.713588187719517819e+00
-2.096973783126816926e+00 8.543676371903636380e+00
-2.128946982912658381e+00 8.414800222357060377e+00
-2.204446582241343489e+00 8.165097598361050757e+00
-2.131814251667650595e+00 8.431748457287215004e+00
-2.205348336085703131e+00 8.210337068147065764e+00
-2.188306502665037456e+00 8.647468423643173807e+00
-2.170984677227235871e+00 8.688250393779215486e+00
-2.127449742389677656e+00 8.128651044743072873e+00
-2.084282620010288412e+00 8.264630670444168103e+00
-2.071133290709241681e+00 8.692378630967500186e+00
-2.142130609614761649e+00 8.328111761559378934e+00
-2.072355643284552684e+00 8.143895567151398396e+00
-2.011532518166753380e+00 8.340471607258301390e+00
-2.026270133383591965e+00 8.967497106677086549e+00
-2.081091485506996186e+00 8.380914851499602136e+00
-2.080868796097106177e+00 8.037191248793499554e+00
-2.117909251241628432e+00 8.375325767495963802e+00
-2.069993932457427910e+00 7.852110873401916713e+00
-1.935025905196681162e+00 8.100338935466218970e+00
-2.103762157620229001e+00 8.392547851185103269e+00
-1.995147319524497531e+00 8.058491321828515908e+00
-2.257029930635807258e+00 8.014130105318256980e+00
-2.080776945844701853e+00 8.373200699569375516e+00
-2.082410476616400441e+00 7.966296399106305159e+00
-1.952619557274391848e+00 8.038500653850734423e+00
-2.068310821843544201e+00 8.551215312796292878e+00
-2.092717613216507733e+00 8.382070609201260680e+00
-2.257169329967502414e+00 7.868439786023534666e+00
-1.989535665173098211e+00 7.648721364889325081e+00
-2.226428729437928133e+00 8.500554180553569594e+00
-1.982901755242830744e+00 7.752541515092186586e+00
-2.160104088561379587e+00 8.157002512825407337e+00
-1.842210207105740460e+00 8.505355540395703073e+00
-2.170184114631431793e+00 8.013376145917275650e+00
-1.990351145823918255e+00 8.200204481118964495e+00
-2.208626194367489415e+00 8.547780965082113269e+00
-1.994792341419746817e+00 8.581728924993628382e+00
-2.092126244958090631e+00 7.724584309197762622e+00
-1.967851481892637588e+00 8.469937484175435571e+00
-2.282128617009210991e+00 8.809278949839518091e+00
-1.958770333142637377e+00 8.248114270603371878e+00
-2.195550659674160965e+00 8.354110367935469128e+00
-2.010127812311478745e+00 8.736671295594989672e+00
-2.310626625102910836e+00 8.494098547761794293e+00
-2.112825427966138037e+00 7.813789064972281651e+00
-1.969731029472818529e+00 8.497614256964578061e+00
-2.224990255253042726e+00 8.838309184853700984e+00
-1.954305266443499001e+00 8.279961384743874220e+00
-2.125454457492467419e+00 8.470581889580548918e+00
-1.976417250249792978e+00 8.879385527888972618e+00
-2.240189561950087782e+00 8.687498978945193073e+00
-2.181415524000025030e+00 8.434242027928354091e+00
-2.208976147346988661e+00 8.031019342065469857e+00
-1.976109108121664848e+00 8.800059648757533992e+00
-2.091999625895993198e+00 8.607659105896475538e+00
-2.204172309991903500e+00 8.672884165173513793e+00
-1.951963037461468042e+00 7.994702990855238056e+00
-2.183799619418753224e+00 8.594218517160886250e+00
-2.198909298768791931e+00 8.363349601342704887e+00
-2.110943223493046972e+00 8.383646118998663965e+00
-1.936250008145113277e+00 7.851306418129780695e+00
-1.970560449672500658e+00 8.353408013324589376e+00
-2.042783185603159968e+00 8.439549795514853514e+00
-2.073799943920850986e+00 7.551750092232926370e+00
-2.040243865945498669e+00 8.358589944906148261e+00
-2.117309719697869408e+00 8.824605956848550647e+00
-2.147721312934756099e+00 8.439335159479773196e+00
-2.065671073145579406e+00 8.711575155668375814e+00
-2.066254252544276415e+00 8.268815077926465307e+00
-2.071497400912500453e+00 8.278989087872036023e+00
-2.035650020504963020e+00 8.154918796500485456e+00
-1.928282216980034658e+00 8.536543867530490104e+00
-2.013248884232151870e+00 8.547436969063575418e+00
