-2.180683615948874721e+00 7.909408886018737483e+00
-2.070533778856730844e+00 8.077595153069493605e+00
-2.191989208093141350e+00 7.540569365183885431e+00
-2.110746572982831193e+00 7.414711520774118547e+00
-2.162983064866179639e+00 8.029201204178562534e+00
-2.173471760017760879e+00 8.134531486994809768e+00
-2.182911113266353009e+00 7.402777601713329325e+00
-2.042504110088028568e+00 7.699585914590024061e+00
-2.161976254002917930e+00 7.439704488615839217e+00
-2.072665395647113495e+00 7.757764355075827289e+00
-2.108278343954042011e+00 7.641911211614534238e+00
-1.923362851160162590e+00 7.410328384692264514e+00
-2.165873676016305982e+00 8.198295370623911893e+00
-1.954801124201914098e+00 7.140479642515601633e+00
-2.192143586490005625e+00 8.008222154483068067e+00
-2.047626287644019438e+00 7.988580061188033987e+00
-2.214933979715921097e+00 7.225756725116528223e+00
-1.971736583986512192e+00 7.911174287778816705e+00
-2.163695908692097714e+00 8.311014342110533804e+00
-2.095848786913899531e+00 7.264957649058983336e+00
-2.053978444428784300e+00 7.223508024308561204e+00
-2.135246211870008182e+00 7.499705813547997479e+00
-2.026518170133196239e+00 7.785427179368277883e+00
-2.048237969254711910e+00 8.258692791932007893e+00
-1.980719599226549166e+00 7.643180850012084804e+00
-2.182094443566274133e+00 7.818143498760693255e+00
-2.222465550779793464e+00 8.109294870844541592e+00
-2.092367111310857730e+00 8.065911440126601661e+00
-1.957212023507771237e+00 7.669939810820714854e+00
-2.199601387760415694e+00 8.037711962722017489e+00
-2.171064057733040453e+00 8.035563303318197015e+00
-2.247636512425445154e+00 7.665085752205596847e+00
-2.062454956525522576e+00 8.205324508061318411e+00
-2.194271229123021083e+00 7.851538720537462268e+00
-2.080117111018536136e+00 7.923850449585507327e+00
-1.940672671387501103e+00 7.423584392377462038e+00
-2.053158133187479972e+00 7.959245168545163729e+00
-2.109963819099365256e+00 7.729421148094420602e+00
-2.198490959747795515e+00 7.929569273595338252e+00
-2.108185042916962626e+00 7.445257937867990172e+00
-2.237288824572794876e+00 7.241685913185514245e+00
-2.046435501605286422e+00 7.574773657758756329e+00
-2.097930088668297444e+00 7.928151896789755959e+00
-1.979947324318775959e+00 8.100216639998121693e+00
-2.096056884632710560e+00 7.939485056885583703e+00
-2.133974129151498200e+00 7.752009063651507326e+00
-2.091291948469311546e+00 7.351220972422647826e+00
-2.026751833289553772e+00 7.415348233313750370e+00
-2.080275695485700460e+00 7.705932937219629686e+00
-2.079145816769337518e+00 8.113192392428588917e+00
-2.009382686959205522e+00 7.601641166671037730e+00
-1.968967808253388130e+00 8.039797714325922939e+00
-2.075887859674901748e+00 7.708246524538620470e+00
-2.011983265272854204e+00 7.547050676067197372e+00
-2.145325878878683756e+00 8.042160928590892155e+00
-2.103035957844403558e+00 7.878472708704769900e+00
-2.135219504308872196e+00 7.768373746789068335e+00
-2.210923774257404606e+00 7.530758871273570243e+00
-2.137961802286067137e+00 7.774622839894873572e+00
-2.211835162308463776e+00 7.579036942480684047e+00
-2.194346209923217828e+00 7.984863037071913361e+00
-2.176879033277580255e+00 8.012617946428381543e+00
-2.133914913567201310e+00 7.491986835336586381e+00
-2.090625462574466464e+00 7.619900222235234111e+00
-2.077068999299682250e+00 8.017071900023587716e+00
-2.148337909044664595e+00 7.674887393855796880e+00
-2.078795482849336462e+00 7.504776248265988770e+00
-2.017800161927111535e+00 7.689095431380192913e+00
-2.031996587720921177e+00 8.276303753552282316e+00
-2.087214784301556048e+00 7.720334281806445098e+00
-2.087456666605629785e+00 7.408012067756997610e+00
-2.124179348311550530e+00 7.725869124029201451e+00
-2.076765798935735763e+00 7.234075776732654894e+00
-1.941067432834752138e+00 7.425262645734433953e+00
-2.110028739760160477e+00 7.741975328517541222e+00
-2.001655900395363119e+00 7.424101222830959301e+00
-2.263718011097012983e+00 7.394936244503734990e+00
-2.087101459992300789e+00 7.727558680104325894e+00
-2.089013723255164212e+00 7.338478865853609534e+00
-1.958993658374488689e+00 7.389065388549327373e+00
-2.074381897168287026e+00 7.887840606480598815e+00
-2.098905657878628706e+00 7.727300949267292829e+00
-2.263993766452010892e+00 7.257182943008340104e+00
-1.996432940089587715e+00 7.038833825097957408e+00
-2.232576347538330008e+00 7.845043022060542270e+00
-1.989725946197181905e+00 7.136079350462525284e+00
-2.166590320707907136e+00 7.521652761387462860e+00
-1.843023014286877537e+00 7.466902110374634027e+00
-2.176873553142680606e+00 7.393723806850622360e+00
-1.996754049160593070e+00 7.557370774717553807e+00
-2.214757260458757759e+00 7.888983161980773318e+00
-2.000734283278074344e+00 7.906452429640746793e+00
-2.099078360405127075e+00 7.117415196259489818e+00
-1.973847865077539954e+00 7.796813844631816259e+00
-2.287986608484689821e+00 8.132385323791979204e+00
-1.964990810869848614e+00 7.590323252221097938e+00
-2.201869555494901931e+00 7.709130799953276991e+00
-2.015960788986402186e+00 8.053042948250075383e+00
-2.316792481825277861e+00 7.842048795246344461e+00
-2.119724313717010311e+00 7.204820560738347979e+00
-1.975746651474673987e+00 7.826946441078401762e+00
-2.230759977126798521e+00 8.153980241047717570e+00
-1.960450560765658601e+00 7.615697236982616580e+00
-2.131566235873922910e+00 7.808904221732128725e+00
-1.982165912968625321e+00 8.188439844903712128e+00
-2.246127663797169216e+00 8.016810972880801245e+00
-2.187639878699591645e+00 7.784659513904976791e+00
-2.215565096941069623e+00 7.404244770778183771e+00
-1.981813797169754698e+00 8.105000188447757381e+00
-2.097981328111917954e+00 7.936650645150813865e+00
-2.210176073366225680e+00 8.004407746667681067e+00
-1.958369092017075985e+00 7.347386561878378686e+00
-2.189852881336211254e+00 7.932241092663378623e+00
-2.205231017668137561e+00 7.719678252695621801e+00
-2.117230949514984140e+00 7.736635576198326980e+00
-1.942438222767063127e+00 7.188868361355576830e+00
-1.976739233454432254e+00 7.694238802625839924e+00
-2.048815004147841456e+00 7.772078086951289322e+00
-2.080958891691364165e+00 6.956704027615644215e+00
-2.046460492219612792e+00 7.704776057323970306e+00
-2.123140699447060076e+00 8.145224557843906865e+00
-2.153899416483732399e+00 7.783813759878629668e+00
-2.071646173434166460e+00 8.041495872423217506e+00
-2.072569422971070274e+00 7.620370897674102473e+00
-2.077829457259072310e+00 7.633809395900846617e+00
-2.041996686926070392e+00 7.510275396420670546e+00
-1.933917323551131107e+00 7.829037437466721094e+00
-2.019189957847010497e+00 7.872005139636460314e+00
