-2.092950552216590321e+00 7.695081312258441386e+00
-2.021926936711484935e+00 7.083570843924784199e+00
-2.212052565975091145e+00 7.556609526944453314e+00
-1.959289956060607407e+00 7.347359590080229097e+00
-2.119721076578663599e+00 8.319457654644281774e+00
-2.245104677851344377e+00 7.796173467654443634e+00
-1.938705245549338763e+00 7.553021811395624674e+00
-2.155129265702021346e+00 7.499316589758321605e+00
-2.247808502904305783e+00 6.953712867497512384e+00
-2.046970371514129639e+00 8.139447085927642433e+00
-1.909153486269123068e+00 6.414213402946686848e+00
-1.958141846686176413e+00 7.659795032136916149e+00
-2.035703390970081017e+00 6.930454499154002690e+00
-1.888590279741563016e+00 7.423999817327382900e+00
-1.954776554778757447e+00 6.991434379988547221e+00
-2.234683615095875986e+00 8.234113278230243083e+00
-1.992897186511929597e+00 6.344556835190088506e+00
-2.152823153434925363e+00 8.472760747987619467e+00
-2.152818029007985690e+00 7.853239246579983401e+00
-2.268342090628460372e+00 7.380273171168822977e+00
-2.072959339964180803e+00 7.785409562700625230e+00
-2.278057777634983960e+00 7.913076273344636036e+00
-2.132560945907787886e+00 9.184852267377547008e+00
-2.251359749414124867e+00 7.157083930991762877e+00
-2.014537933775241818e+00 6.679877044113772477e+00
-2.118857126155981874e+00 8.660181672733997971e+00
-2.168018689392178899e+00 8.634287358046201177e+00
-2.419112922826719636e+00 7.957607285086295335e+00
-2.087118736866109270e+00 6.625193737279942319e+00
-1.998660775405919354e+00 6.369506937847521755e+00
-2.135688924367372010e+00 8.022857062345009282e+00
-2.077745816551286762e+00 7.828644976647357367e+00
-2.383130000968104678e+00 8.077760236451657860e+00
-2.033365469217075727e+00 7.670007673219208399e+00
-2.096661237226661090e+00 7.477108913391775857e+00
-2.154186763497970336e+00 8.305605896896208762e+00
-1.984045664696895583e+00 7.268925394464657685e+00
-2.384567820037628572e+00 7.429520786894909357e+00
-1.919131881606408907e+00 7.401310928025306879e+00
-2.265801676882162941e+00 7.171630542633581129e+00
-1.877051099997794070e+00 7.110165749542205482e+00
-2.104445905904050562e+00 6.949407042070935958e+00
-2.311683551263150616e+00 7.717161279072537461e+00
-2.080342886798183688e+00 7.312525279008076140e+00
-2.227172479644834446e+00 7.118975685804901588e+00
-2.381681321350971103e+00 7.211707151858355758e+00
-2.070877918390476857e+00 7.526612242021587740e+00
-1.939060712100402428e+00 6.597356477276774989e+00
-1.898033424982009665e+00 6.906265961476236726e+00
-2.018866450265210943e+00 6.747929440309490268e+00
-2.034642643931759309e+00 7.783976699676928845e+00
-2.221046621806117560e+00 7.674882949404951304e+00
-2.096463445134799652e+00 8.395130511909831839e+00
-2.294007453717170186e+00 8.335247203942941496e+00
-2.185726644539196073e+00 7.411512951096720592e+00
-2.107757814715166766e+00 8.005696515920737610e+00
-1.982195495253856077e+00 7.439931427663641017e+00
-1.928846623679872918e+00 7.945563883059498345e+00
-2.213252510351909397e+00 7.473465140709766530e+00
-2.094998278181312568e+00 7.478032054796838857e+00
-2.026294482633615335e+00 7.848573229839965748e+00
-2.080176744462308935e+00 8.056674063416108922e+00
-1.948337273046998330e+00 7.039962259045273285e+00
-2.191207412633336293e+00 8.478172848672842932e+00
-1.896505744850055297e+00 7.579676504972219675e+00
-2.223503031416438791e+00 7.556936923423932306e+00
-1.976236096158254352e+00 6.488114179868158082e+00
-2.170862829199472710e+00 8.640061450457078962e+00
-2.028432394297005725e+00 7.117271534641387731e+00
-2.190880102124067363e+00 8.109370357533649099e+00
-1.978384111261433986e+00 7.994216209581273880e+00
-2.208075096673926208e+00 7.442654985774042053e+00
-1.896457283191940180e+00 7.547007503967695818e+00
-2.272819932504148710e+00 7.826937889314194763e+00
-2.145849095950378427e+00 6.970714529158256845e+00
-1.928056703319701803e+00 6.377015845608529965e+00
-2.117380108535943606e+00 6.711253486697361659e+00
-2.205605533246923766e+00 7.465390426508315969e+00
-2.182068461535106696e+00 7.647282182563189146e+00
-2.076856695111156004e+00 8.726592032863194959e+00
-2.180359264141076725e+00 8.987066441253670490e+00
-2.160496664245371790e+00 7.984533368416582455e+00
-1.943924764390243087e+00 7.306130992383943479e+00
-2.001693850530182672e+00 7.706852674092081301e+00
-2.131723387478333454e+00 7.101475186225726155e+00
-2.049045343552433618e+00 8.787528519144849781e+00
-2.253928494749107170e+00 7.943997473235718587e+00
-2.187399749148539740e+00 7.034724831610373208e+00
-2.342069250510774303e+00 8.130884259736534503e+00
-2.135847114508618638e+00 6.278162659110318344e+00
-2.095316930945720912e+00 7.387047040627559014e+00
-2.105878165834579541e+00 7.488625906190440773e+00
-1.869943329519121678e+00 6.891941410576854388e+00
-2.062451507064830381e+00 7.958507820647297670e+00
-2.251743199337921553e+00 8.243325125345945636e+00
-2.112730843080310450e+00 8.199985755025450018e+00
-1.920643276992724413e+00 7.065656870243651966e+00
-2.296519459667304197e+00 7.960340775667227753e+00
-1.953040230769776953e+00 7.226244786369293571e+00
-2.188609422845687380e+00 8.305145741533001669e+00
-1.874693040592016136e+00 7.073247542653605890e+00
-2.150397165264756882e+00 8.034582923073775973e+00
-2.047246216063293378e+00 7.424180473741762043e+00
-1.847166099083417556e+00 6.049773127413370588e+00
-2.194881545982329207e+00 8.402895395986737626e+00
-2.146821141431784596e+00 7.444280256709784105e+00
-1.929479502817610825e+00 6.628723298986526125e+00
-2.259647503405027624e+00 7.493114648507345876e+00
-2.143422005528731411e+00 7.034326588329874674e+00
-1.975146070680842358e+00 6.993509970265463949e+00
-1.998236962287082141e+00 8.313143457200533604e+00
-2.329605729981859774e+00 7.785597500782476921e+00
-2.009539656640057181e+00 6.656520212275043313e+00
-1.989602391306606544e+00 6.475524680644584308e+00
-1.979851112901118260e+00 7.175161212488741391e+00
-2.375866194384723684e+00 7.028408036812076709e+00
-2.390236648648075057e+00 7.577658689086487875e+00
-2.173575550330653972e+00 6.581256543269103254e+00
-1.848418988762289050e+00 7.046512355336346900e+00
-2.196780995358871724e+00 7.341911664659832581e+00
-2.020061635217459628e+00 8.320019857239866923e+00
-1.936882036225656245e+00 7.138416523298319660e+00
-2.014421889245615827e+00 7.396610966166437429e+00
-2.183209884633249942e+00 7.957247012119607277e+00
-2.193605232978860009e+00 8.099173814502250934e+00
-2.096937760972334974e+00 7.915641594861771324e+00
-1.922096541768779643e+00 7.393048416868594153e+00
-2.057425820777878833e+00 7.470490361213370178e+00
-2.162967564658470732e+00 8.154380829558245836e+00
-2.082176467858165569e+00 8.037284486977634756e+00
-2.101703470823593989e+00 7.654602232252225136e+00
-2.188425350818658188e+00 8.219309042884853866e+00
-2.188006357643502042e+00 6.604058254517867432e+00
-1.921503107085372086e+00 7.505829509202629701e+00
-2.257292963905145555e+00 8.233685925047490528e+00
-2.079795924303013965e+00 8.251560417437856287e+00
-2.264249268027686668e+00 6.869895333225801259e+00
-2.102492216831414851e+00 7.434665269693987888e+00
-2.034425997107117912e+00 7.952152186827114555e+00
-1.979133108286200260e+00 7.110079601843199093e+00
-1.936142680714101338e+00 6.738882994812334104e+00
-1.915517314503869750e+00 7.737528826970471840e+00
-2.117008834485697211e+00 7.377379768457982046e+00
-2.268813012041706934e+00 6.935803611260405788e+00
-2.097686416293487621e+00 7.887718656851204990e+00
-1.917026214968752917e+00 6.510695017286629138e+00
-2.232208317570625322e+00 6.322000605348981672e+00
-2.045399587876859826e+00 8.202633883708930540e+00
-2.081138411400083044e+00 8.211463054743537882e+00
-2.161712142182476093e+00 6.791215423877511093e+00
-2.109715497700294762e+00 7.973832761388713664e+00
-1.841329222114726827e+00 6.236475234573778614e+00
-2.383401189228518291e+00 7.930872763131846526e+00
-2.074240636448669406e+00 6.810997892851593960e+00
-2.149557887940980905e+00 7.509608244533369614e+00
-2.149980843130697039e+00 6.692718540270568006e+00
-2.046007503124557925e+00 7.767306302048896605e+00
-2.301194029634634930e+00 8.630533538820797546e+00
-2.181424744216208023e+00 8.410696991783812138e+00
-2.149484388114740518e+00 7.340573446912478595e+00
-1.969717874673055480e+00 8.097582761254281891e+00
-1.795962953941385054e+00 6.940196943288825082e+00
-2.264556691282017198e+00 7.609139220575607432e+00
-2.154593670626784974e+00 8.160023387293470876e+00
-2.270400274690473008e+00 8.345838846011009338e+00
-2.280663261637328354e+00 6.814043410140427248e+00
-2.069921434822273643e+00 8.160668191482210787e+00
-2.028529664147942668e+00 8.377932726593535051e+00
-1.996242924017164189e+00 8.121647717160026758e+00
-1.950254945627877934e+00 6.578251673214410289e+00
-2.019465443029563101e+00 7.927039510143979228e+00
-1.867271412083368887e+00 7.548274805915130337e+00
-2.168939919824092399e+00 8.041627422519786350e+00
-2.084278234417210829e+00 7.016316269928798199e+00
-2.506743470231256321e+00 7.946317412024876070e+00
-2.037741617073188571e+00 6.840118522244019061e+00
-2.139035205566481412e+00 6.898717711406207265e+00
-2.221770623911539122e+00 8.053970703960583677e+00
-2.203558766851431372e+00 7.453924274392456972e+00
-2.032539945512994883e+00 7.928773585557212122e+00
-2.068287698434113420e+00 7.067149049757311730e+00
-1.919069188357307221e+00 6.892937667007876357e+00
-1.879197261199293756e+00 7.432204367316548321e+00
-1.946877203503792453e+00 7.414365184199606773e+00
-2.242498488005006063e+00 6.668418767858110385e+00
-1.982976479067061204e+00 8.423493220103155821e+00
-2.117836337603890673e+00 8.415800573566084353e+00
-2.293412926525985718e+00 7.193356634061317756e+00
-2.038585695512906248e+00 7.495676191394369248e+00
-2.274760712807527341e+00 7.860362076475555959e+00
-2.119481829418275787e+00 6.880261404580183537e+00
-2.255981702139403744e+00 7.397600081045941245e+00
-2.080840467673010785e+00 7.166384173420225601e+00
-1.969919794053938800e+00 8.441210142437654440e+00
-1.891394830596216936e+00 7.441541393310330932e+00
-2.009282002890232732e+00 7.846943016303737473e+00
-2.037469527063664021e+00 7.303182098791648258e+00
-2.079903613340746915e+00 7.770629888404166685e+00
-2.203731966684228105e+00 6.607214246411756697e+00
-2.060259320118140725e+00 6.715482758041786404e+00
-2.334583972121479167e+00 7.952083708420030206e+00
-2.177167071748535410e+00 6.892549411928675873e+00
-2.348892966859478904e+00 7.881981155551534002e+00
-2.050714997341298140e+00 7.597577429825406625e+00
-2.117860457030339649e+00 6.811870515080337363e+00
-2.209542090196048303e+00 8.555384205134346942e+00
-2.188581468600223179e+00 8.054292286964439995e+00
-2.129708500584188702e+00 6.963699224720417469e+00
-2.185053920842370712e+00 7.373647568562296861e+00
-2.072334940437138062e+00 7.808001951077129021e+00
-2.022462560169145718e+00 7.158310745190463287e+00
-2.195102000823619282e+00 7.696645287633534949e+00
-2.014718780663528719e+00 7.045265018918166255e+00
-2.030640086573307634e+00 6.863787272483441448e+00
-2.082185737287934657e+00 7.746548287024797474e+00
-2.444593428748407682e+00 7.749759267975432131e+00
-2.077997738881068202e+00 7.898374332254110008e+00
-2.158075543631145177e+00 7.816894946498855745e+00
-1.970935340086946264e+00 7.379350480897982401e+00
-2.054955926403018829e+00 7.389765790705026482e+00
-2.130024650089159977e+00 7.242500660151035774e+00
-2.071703894732621620e+00 8.220020626895259142e+00
-2.018591831152084737e+00 7.991730188007216462e+00
-2.175076217344478646e+00 7.930869208465818332e+00
-2.230236051388210683e+00 7.734628166601102528e+00
-2.009827985394470939e+00 7.121373580123764313e+00
-2.053456384141151503e+00 8.974402917035227745e+00
-1.962984462282757914e+00 6.068179508390802113e+00
-1.898379937178069632e+00 7.491519953094439188e+00
-2.182178652566998611e+00 7.863013882029003199e+00
-1.950697841386363152e+00 7.066794704885091427e+00
-1.959528712732170108e+00 7.147480743972977280e+00
-1.979017658297490323e+00 8.108307677831176008e+00
-2.200953295324337144e+00 8.887341513432115647e+00
-2.177639774821579444e+00 6.904451861233541266e+00
-2.012458862937988258e+00 6.257822487507890941e+00
-2.120586531683257725e+00 7.523707208016809922e+00
-2.143722993157675116e+00 8.552912042363134404e+00
-2.025505372305493879e+00 5.765235638652593586e+00
-2.168489016027334237e+00 8.234338368886961135e+00
-2.181372942135347603e+00 8.780128549002851557e+00
-1.902307885597013248e+00 7.254805138867168601e+00
-1.999983623121854182e+00 8.382424692423828816e+00
-2.269797233560097105e+00 7.708489086627574594e+00
-2.149393691608583179e+00 7.479421747665424114e+00
-2.103837049596192887e+00 7.016837962280890295e+00
-2.084447888460573495e+00 6.999583824552841449e+00
-2.110436490277878718e+00 7.567795314280209240e+00
-1.985328886457534248e+00 7.595887163119628305e+00
-2.121181063425033209e+00 7.331868596433875673e+00
-2.181478687552168338e+00 7.932235500824385888e+00
-1.953218282382365389e+00 7.622357099165889771e+00
-2.294111996576326362e+00 7.298467154306586657e+00
-2.010674088930663572e+00 8.212409635079435333e+00
-2.341117565531805056e+00 7.518262159954124613e+00
-2.116221325459391345e+00 7.207821381447525155e+00
-2.192788752193300272e+00 7.800555175064254776e+00
-2.120646437054084732e+00 8.284584687759608101e+00
-2.083677687756297470e+00 6.840318488571690558e+00
-2.154526505506169531e+00 7.348902395840997137e+00
-2.166994369924299946e+00 8.090370806680500237e+00
-2.091832247080592566e+00 8.532553282769024250e+00
-2.085500435100432259e+00 7.080196616317735447e+00
-2.174905338213576123e+00 7.684536433326413452e+00
-2.060028596669214007e+00 6.837772907930469657e+00
-2.057617050154171512e+00 6.431467364957122790e+00
-2.072861425218155862e+00 8.036204374971111619e+00
-2.137969539834898569e+00 8.266429683292120245e+00
-2.052523645376534756e+00 7.548113643450220955e+00
-2.168831237511201326e+00 8.335829181713599212e+00
-2.048290352429546157e+00 7.694710873755161273e+00
-2.032161859592934050e+00 6.872534832120865467e+00
-2.142845257562771000e+00 8.109180127242929359e+00
-2.303468502106580829e+00 9.069545965959900258e+00
-2.110953657187450982e+00 7.640912156182773529e+00
-1.983888636491895952e+00 6.777230689804432551e+00
-1.762489977292176491e+00 6.478730857988816538e+00
-2.047853897262475353e+00 7.558181381279359456e+00
-2.128744149491325288e+00 8.452701293142583339e+00
-2.117540580090983671e+00 7.308226329391467324e+00
-2.124133213991419744e+00 8.518044879110192369e+00
-2.296510733599006038e+00 8.460933381473356718e+00
-2.281644218109268873e+00 8.177880644192233817e+00
-2.023011248993404010e+00 6.731958047444265958e+00
-2.052385420475420830e+00 7.717259582733578149e+00
-2.087132769808892618e+00 7.842828736931794609e+00
-2.288202921297030290e+00 7.551047637699627835e+00
-2.257153918723004082e+00 8.324665830600043392e+00
-2.126982668421503408e+00 7.507717764368115887e+00
-2.067574961371631215e+00 7.554070137211973623e+00
-2.020233773983477921e+00 7.485324898538511462e+00
-2.068374330297732655e+00 6.573178584143889225e+00
-2.295307898819520798e+00 8.221949240361624334e+00
-2.210927185999015165e+00 8.001028601660376438e+00
-2.337990236089729557e+00 6.719768448908649994e+00
-2.366120519187715932e+00 7.722801132036003935e+00
-2.170695458360604402e+00 7.357215029541035456e+00
-2.154389169766925516e+00 8.144860817652403995e+00
-2.118043480763930564e+00 7.801888879943654764e+00
-2.042223936676805351e+00 7.242466587323834304e+00
-2.139535436846666361e+00 7.063882170115833858e+00
-2.174246730344191914e+00 7.856036294141212295e+00
-2.197750135642354774e+00 7.842356266370627438e+00
-2.052020208604896645e+00 7.088294754270343390e+00
-2.125909440826038832e+00 7.669097183235504822e+00
-1.973822321096029953e+00 6.853211152432053588e+00
-2.084683243655934604e+00 6.875652094976600459e+00
-2.269684941193012673e+00 7.962368939836885318e+00
-2.289523624797838774e+00 6.902786485331171562e+00
-1.924332854861335429e+00 8.077902072332829420e+00
-2.001825979341751882e+00 7.389648414049422520e+00
-2.041906183244812656e+00 7.388236062461512432e+00
-2.116651285369800739e+00 7.704235328786189996e+00
-1.981585550374976190e+00 7.799133757663406996e+00
-2.169869500244610006e+00 7.566286754959945959e+00
-1.914798873923943656e+00 6.475845381952149538e+00
-1.938772007017447452e+00 6.819703007212246426e+00
-2.120235147423659150e+00 8.528045096991604623e+00
-2.204312139510620661e+00 8.549044904574445880e+00
-2.136388409294680546e+00 8.150003185947049644e+00
-2.011621001642823980e+00 6.617904424748137338e+00
-1.912135462746612058e+00 7.636250352066589642e+00
-2.037784212132770723e+00 7.570867108773168042e+00
-2.089336866494887701e+00 8.649302068247003206e+00
-2.020242437270997726e+00 7.273753274876160191e+00
-2.062062901357494482e+00 7.993369702869252968e+00
-2.212403954889856639e+00 8.769637970368725277e+00
-2.064970273501364861e+00 8.001517513010357519e+00
-2.123350538699454226e+00 7.568068165596873342e+00
-2.171187333585783197e+00 7.620060267871908266e+00
-2.215497675924546606e+00 8.587870651433304303e+00
-2.206962687057598238e+00 7.760311881499113440e+00
-2.025443125050783166e+00 7.333195482888042349e+00
-1.899970538557095967e+00 8.267301516936536032e+00
-2.278524275437814772e+00 7.677674271279287588e+00
-2.038673281922739555e+00 8.069761840432841282e+00
-1.988536371463493380e+00 6.185120931324824767e+00
-2.106002537702313049e+00 6.969941188565076828e+00
-1.973422100468637641e+00 7.902742399668586160e+00
-2.219091404190697503e+00 8.016682629473624644e+00
-2.156363774549650003e+00 8.037144000023403123e+00
-2.016178885384747321e+00 6.958216504189768337e+00
-2.226724470088344621e+00 8.368221361656287272e+00
-2.172806499520545387e+00 8.533033547973753130e+00
-2.166081528593507333e+00 7.561916937947918527e+00
-1.796626785858796094e+00 6.408091588367062386e+00
-2.062312677851438458e+00 5.866015079486754935e+00
-1.910524083620100733e+00 7.249626223905912603e+00
-2.123073581058460668e+00 6.986870616412661938e+00
-1.983294925481891902e+00 6.467983804767236222e+00
-1.995164532731778184e+00 8.080376262512412922e+00
-2.132264160808121645e+00 8.644141384448360554e+00
-2.049672018550621644e+00 7.154269241936231261e+00
-2.126052100185158000e+00 6.995641866371169471e+00
-2.364869720502336570e+00 8.459360653402370644e+00
-2.094673579956288112e+00 7.689862626596406514e+00
-2.280695948003709450e+00 6.402076452507770021e+00
-2.160377214937251544e+00 7.950619450521037912e+00
-2.328921502538841892e+00 7.550356094604838475e+00
-1.936229491979028161e+00 7.416007809272141316e+00
-2.144810251551924729e+00 7.937001359273483381e+00
-2.115833678268562945e+00 8.548318009121116390e+00
-2.208922698500242809e+00 6.487790329781883081e+00
-2.032242438582267940e+00 8.098549860515792176e+00
-2.294531227568395781e+00 8.436005614463159219e+00
-2.130481525575449453e+00 7.645907136496846057e+00
-2.211763980200393220e+00 7.701169301299916725e+00
-2.244588365727812729e+00 8.419366957382608874e+00
-2.103894587805306582e+00 7.154279735658764849e+00
-2.041407023815609456e+00 7.646791655314384428e+00
-1.904944857158516358e+00 7.804703214140291223e+00
-2.111504097610354069e+00 7.513440221925332452e+00
-1.980474018110436774e+00 7.735568403014973171e+00
-2.115597913004575670e+00 7.596477267120561372e+00
-2.335000286208651410e+00 8.211210645716153778e+00
-2.107143753328422076e+00 7.415618534721218680e+00
-1.964993402517206444e+00 7.813256231698360033e+00
-1.933513553545525898e+00 7.024540245213378498e+00
-2.228941065374331121e+00 7.714855323818065713e+00
-1.870172984855923426e+00 6.922230235889540673e+00
-2.213357834962004222e+00 6.357200434063853933e+00
-2.127096578010406969e+00 8.328993037280929101e+00
-2.259117267587102518e+00 7.027273690085219293e+00
-2.033467695483191839e+00 6.849768839897546258e+00
-2.044003807704962039e+00 7.264018025632974940e+00
-1.992075726521749468e+00 7.224196907518917854e+00
-1.737455242824367252e+00 6.327812952497357202e+00
-1.923358462522746448e+00 7.681712073151816256e+00
-1.973608835446610810e+00 6.672591339538386457e+00
-2.140544722581191106e+00 8.373234790385829740e+00
-2.046022656059771183e+00 7.296025593278809396e+00
-1.920061692201284309e+00 7.448878726832122155e+00
-2.341880595834846979e+00 8.520113987260780064e+00
-2.006349543533977986e+00 7.939246971264980246e+00
-2.210351602524736503e+00 7.487055815063866859e+00
-2.345153503754525470e+00 8.747987951107907278e+00
-2.228620934148401123e+00 7.604031921268621375e+00
-2.173549041910151747e+00 7.036280221396151724e+00
-2.209090700550102593e+00 8.543712458743543792e+00
-2.162029531735318866e+00 7.461700994100722184e+00
-2.238133646064806914e+00 7.913644483814647579e+00
-2.309727735839695484e+00 8.152667216114892312e+00
-2.189059817167133826e+00 7.361890665555859137e+00
-2.013096876290380699e+00 6.946264615718902746e+00
-1.792727155383695425e+00 6.544148222542858662e+00
-2.107571351782076441e+00 7.378722669701583747e+00
-1.953872760832023658e+00 8.115696137287025991e+00
-2.262298529536689085e+00 8.516242324800410657e+00
-2.061123128351981304e+00 7.403339695675678733e+00
-2.035907417920646445e+00 8.046597808923671380e+00
-1.845093434381138486e+00 7.087569847518405908e+00
-2.082514701559101677e+00 7.923357398338574775e+00
-2.147904143445512837e+00 7.302886831616271834e+00
-1.926996414747720321e+00 7.327669940815037641e+00
-2.040955395110354509e+00 7.079579393627684070e+00
-2.301181993701907569e+00 7.345251953318525651e+00
-2.183856816581735583e+00 7.474482460872373224e+00
-1.989851696106934575e+00 6.748524328248321602e+00
-2.036059902184951476e+00 7.768916654063675153e+00
-2.161936322098277685e+00 8.254726189634029154e+00
-1.855915485538874199e+00 7.813853035760148558e+00
-2.343975235869910634e+00 7.427310961123844812e+00
-2.295492558438561037e+00 7.998572425081891701e+00
-2.065052213271291848e+00 8.116766769003888271e+00
-2.229662571700166573e+00 8.492387103241661350e+00
-2.036244637659722301e+00 6.712359566940772737e+00
-2.158398105084928797e+00 7.308326310279199767e+00
-1.869585135158682965e+00 6.650337299909597100e+00
-2.272207055656828345e+00 8.381818582256759242e+00
-1.971321868919357012e+00 7.819055508510163399e+00
-1.838371202230510981e+00 8.210156706688861661e+00
-2.117069630601064567e+00 8.442808495969195803e+00
-2.168389672486203068e+00 7.720418751898469267e+00
-2.016850970541490096e+00 7.126951989719906067e+00
-2.141553969376978728e+00 8.303768090928151935e+00
-1.983227257634126550e+00 6.543109702931571015e+00
-2.173617898701197593e+00 7.942685957602094504e+00
-2.181316050393729444e+00 6.261726061126357656e+00
-2.212236206665877614e+00 7.118646719424486236e+00
-2.039086294218405815e+00 6.159955066208081753e+00
-2.113465632682355544e+00 7.782446619932609444e+00
-2.052141601503125301e+00 7.062599484586742804e+00
-2.257775073474642902e+00 8.505157705139609448e+00
-2.228304794620506790e+00 6.756141188399899633e+00
-2.171345916627762218e+00 6.504405093619822331e+00
-1.980183638694830606e+00 6.622494374544198870e+00
-2.292309025024911850e+00 6.647096787987231359e+00
-1.978175033429377949e+00 7.430882493478589979e+00
-2.039495192098454535e+00 7.561933193593572966e+00
-2.046959419192972085e+00 7.472912194012822695e+00
-2.093010010832840440e+00 6.911996860416850907e+00
-2.181010418556192043e+00 7.641716417319591059e+00
-2.196474323904249015e+00 7.378309587942339931e+00
-2.108413500972244226e+00 9.096754900503643881e+00
-2.207266580693493463e+00 7.247950025856356504e+00
-2.242842286723758960e+00 7.660886528484755154e+00
-2.185796943078763821e+00 7.040806429971847358e+00
-2.150469356196940574e+00 7.912583474334391020e+00
-1.946597512061479129e+00 6.744220860564103859e+00
-2.176090417096742335e+00 6.622734304874137834e+00
-2.030405705766096691e+00 8.775974078701057834e+00
-2.185716585300518489e+00 6.971343195900714385e+00
-2.415474092366781456e+00 7.553413326007663464e+00
-2.105851588387116724e+00 7.407411523611983739e+00
-2.341594242404989146e+00 8.162338814805551124e+00
-2.112016813441227825e+00 7.444685694349903571e+00
-1.700093612060755710e+00 6.643149351284965753e+00
-2.059605643353384252e+00 7.001267882998799763e+00
-2.069724519954518449e+00 7.952878326515756768e+00
-2.154819086325234778e+00 7.473511419088209706e+00
-1.971842788421179105e+00 8.363217669131007170e+00
-2.008133596556780365e+00 6.775085645825967617e+00
-1.934225755911554323e+00 7.742358321522305964e+00
-2.189574591404230386e+00 8.358850640048540726e+00
-1.894861610012829489e+00 7.570747179928954296e+00
-1.963749012667587612e+00 7.789811807469702920e+00
-2.097461658907914916e+00 7.789570898253042053e+00
-2.151746369891205379e+00 6.959069494260451627e+00
-2.015943785358834894e+00 7.654140188210544871e+00
-2.193258337223098930e+00 8.054269592391507970e+00
-2.190799664537268487e+00 8.617559544401730776e+00
-2.143046808751560839e+00 7.428450924301112757e+00
-2.261041534552262533e+00 7.906526700952244191e+00
-2.211296919191491295e+00 8.437430622134648672e+00
-2.225261605852085989e+00 6.501802623063293041e+00
-1.931020040078726296e+00 6.729541461582188688e+00
-2.037628696127709915e+00 7.239704803690463208e+00
-2.289513573296471094e+00 7.745675314994924676e+00
-1.894852551329973656e+00 7.417178671651421418e+00
-2.052870082808881058e+00 8.192058454548062585e+00
-1.914158040144022577e+00 7.651628624604899898e+00
-2.197804419195714232e+00 7.692163663745613889e+00
-2.011788706151573791e+00 7.041737357198536884e+00
-2.168305114729947913e+00 8.523509978238241303e+00
-2.082866388656204215e+00 7.109147694942339335e+00
-2.053334539757084798e+00 6.242857072566771137e+00
-2.018401937373050181e+00 6.773425422723164502e+00
-2.098773723837911387e+00 7.920052766666231037e+00
-2.203638122448863701e+00 8.093308623560195869e+00
-2.020996294786960412e+00 8.016069212626826257e+00
-2.291288746112618124e+00 8.381678775917587032e+00
-1.945635027724326616e+00 7.219438116179444975e+00
-2.186878720717514657e+00 7.686661031631155439e+00
-2.340216250302044276e+00 7.360055691570710046e+00
-2.190866620233823614e+00 7.209291820998052991e+00
-2.348628061041211357e+00 8.229233763936292689e+00
-2.036464731496109515e+00 8.247914485632714232e+00
-2.131200102424789300e+00 7.947996836730174763e+00
-1.969857302333839044e+00 8.016862695000828154e+00
-2.348326273188113156e+00 8.393043112856483745e+00
-2.125313208334402404e+00 7.952206611730506580e+00
-1.860457407074923797e+00 6.477182761989278781e+00
-2.164241810592006932e+00 8.142403394404199801e+00
-2.087662768155760684e+00 7.201161660730535097e+00
-2.180720920086536729e+00 7.476459730079269228e+00
-2.035269036369558471e+00 7.198478519724747393e+00
-2.069315589968919511e+00 8.079243852008811899e+00
-2.158508925176003235e+00 7.905979310655359527e+00
-2.023102018218871034e+00 7.565980363523533647e+00
-2.151352522713789295e+00 7.356150992234534058e+00
-2.188046016051188314e+00 7.198813445377333586e+00
-2.065896083243892623e+00 7.989762364372718473e+00
-1.997464393687338413e+00 6.801790307946834702e+00
-2.008614887802071980e+00 7.667347466181475113e+00
-2.036034231454162402e+00 7.030899873396506905e+00
-1.965255813424861220e+00 7.441104032405253754e+00
-1.995584850050882153e+00 7.095042919786599178e+00
-2.161550576682395697e+00 8.179390884845050280e+00
-1.965474042046922554e+00 6.488727034356484680e+00
-2.164465962025483581e+00 8.358612005006866852e+00
-2.140952827681995352e+00 7.799303779854332319e+00
-2.204567021032705743e+00 7.533253681030239512e+00
-2.136046120248403124e+00 7.703671825204669865e+00
-2.226377884833902421e+00 8.048357228422844400e+00
-2.131666494750033891e+00 8.850534624970114450e+00
-2.171172443079504966e+00 7.192259094792603058e+00
-2.043558987217160006e+00 6.887014117491154330e+00
-2.116369697741212086e+00 8.387198127616938947e+00
-2.177668490045170824e+00 8.459712220828187412e+00
-2.319468735714698138e+00 8.139854741959570816e+00
-2.096185513697316871e+00 6.738756592400472201e+00
-2.020620827070132464e+00 6.568733293399700912e+00
-2.094149204343064063e+00 7.806975012080069831e+00
-2.107931380991885373e+00 8.003386409110031963e+00
-2.249925330324211714e+00 8.202620008683291886e+00
-2.044253464520560559e+00 7.434418289472643160e+00
-2.066081742298327750e+00 7.586845701750596582e+00
-2.113830943677297292e+00 8.179557239562299742e+00
-2.021112077061989254e+00 7.098073924242586763e+00
-2.303446541303884931e+00 7.838280119879605934e+00
-1.965347318015036926e+00 7.318697042746571846e+00
-2.211842530505291560e+00 7.358444331555983986e+00
-1.971758939305549907e+00 6.959387383038595054e+00
-2.118133311551660292e+00 7.339224156718594294e+00
-2.257025351297238913e+00 7.988811310429615453e+00
-2.089508056187187712e+00 7.118058649354667367e+00
-2.164718076186094020e+00 6.989192859261985191e+00
-2.221025403407825394e+00 7.243826831034845704e+00
-2.116248112531970982e+00 7.654765873868843329e+00
-1.992363921049941755e+00 7.055428954287060961e+00
-1.958589316552947324e+00 7.027172270692051192e+00
-2.076287266300322454e+00 6.997138271142478771e+00
-2.129179433038498104e+00 8.122426852464142755e+00
-2.121863854445438680e+00 7.528963814974385826e+00
-2.127851872759076723e+00 8.320757904537510186e+00
-2.224195950186886872e+00 8.322580625764821605e+00
-2.081544228723889667e+00 7.255545261392582823e+00
-2.124351133252337043e+00 7.780264029911741375e+00
-2.034696475019124318e+00 7.767678545543064139e+00
-2.023181606789389075e+00 8.235819608514713508e+00
-2.157884389677527270e+00 7.619591623477142583e+00
-2.061174137316591271e+00 7.367143669424458530e+00
-2.019330911331199463e+00 7.523975053635672872e+00
-2.052708206965889737e+00 7.888239826124521237e+00
-2.006046868075195277e+00 7.114443921733357712e+00
-2.174929370535187978e+00 8.421931707668298017e+00
-2.007715688970208134e+00 7.575992463058944359e+00
-2.200771673607579526e+00 7.694338565815164621e+00
-2.016022691352431284e+00 6.564403977330916184e+00
-2.144582210205383532e+00 8.351788801633638570e+00
-2.045792073692413116e+00 6.852198408990642697e+00
-2.157462951309542909e+00 7.973399612797783753e+00
-2.072053603053062520e+00 7.692090545481635289e+00
-2.143731524545165801e+00 7.705282102215277540e+00
-1.999957875505293137e+00 7.466367381836565009e+00
-2.192992200018022864e+00 7.848385941606809801e+00
-2.091964860335289611e+00 6.907229403477170848e+00
-1.975892138568250855e+00 6.537316142005063391e+00
-2.055985276223310176e+00 6.855330310180542952e+00
-2.197372272005031490e+00 7.714475028268517498e+00
-2.155342396873079824e+00 7.518913554783094533e+00
-2.078016676608774205e+00 8.420279463715498736e+00
-2.138094390492098373e+00 8.581004819133573491e+00
-2.180115275866824742e+00 7.929772842255910170e+00
-1.999686584315713445e+00 7.463847937203996530e+00
-2.049144673518194626e+00 7.664160934079013998e+00
-2.066232845052478950e+00 7.276104344450317285e+00
-2.119869009855245512e+00 8.570423168185378415e+00
-2.215416496653084710e+00 7.993900634302574026e+00
-2.089452688450764928e+00 6.894649538466577354e+00
-2.272305911706293369e+00 8.100838254345406497e+00
-2.073995724026888698e+00 6.438430806743312473e+00
-2.131968086114744310e+00 7.521787003023417739e+00
-2.113600885557466835e+00 7.956391989916879126e+00
-1.932691721996199430e+00 6.965829580921856667e+00
-2.115277927081938181e+00 7.769054450864746109e+00
-2.227101087953150760e+00 8.115863406539670422e+00
-2.107469188003957328e+00 8.176703540577566542e+00
-1.952831352794744513e+00 7.011152656676860495e+00
-2.183094665792815192e+00 8.134755676045159589e+00
-2.040062994826931320e+00 7.083694166831014272e+00
-2.154782096124832513e+00 8.312414336883097832e+00
-1.934943212733039930e+00 6.987873159271606127e+00
-2.117553322262067272e+00 7.980993635145981813e+00
-2.048527379290032258e+00 7.583565919377887710e+00
-1.929215128174686100e+00 6.506260287326333547e+00
-2.141544927835654200e+00 8.321399589016751364e+00
-2.142394513653869126e+00 7.812427403861406994e+00
-1.994961204250625064e+00 6.825051747770578103e+00
-2.203487423083586805e+00 7.557940989332603721e+00
-2.159722971270523928e+00 7.268810857588545282e+00
-2.031560310753998344e+00 7.266188969569506995e+00
-2.045928503369597085e+00 8.294608297459250323e+00
-2.227374426389361339e+00 7.799738003085324500e+00
-2.047487821125955065e+00 6.778526675620903497e+00
-2.048589170194713649e+00 6.587603255773506028e+00
-2.038140973723300942e+00 7.171158447130392410e+00
-2.239613139596106528e+00 7.323337682535435711e+00
-2.309907376643676180e+00 7.913358978044588099e+00
-2.117357365670338165e+00 6.720836722851077027e+00
-1.982146833039478029e+00 7.127266705024625004e+00
-2.120894148360312759e+00 7.527172795818790618e+00
-2.055813303362586275e+00 8.038269087178118610e+00
-1.976441105345396299e+00 7.134954992471849167e+00
-2.030623722208409365e+00 7.400324337195375968e+00
-2.156006065530139626e+00 7.898495345021043335e+00
-2.136274750308772230e+00 8.332354971873924043e+00
-2.076603709060432568e+00 7.908244070727736386e+00
-2.014133115348714753e+00 7.811893490445348753e+00
-2.085726485852883894e+00 7.580665835417391030e+00
-2.189365431537193540e+00 8.020721925820051723e+00
-2.100032128852311608e+00 8.094714135840094471e+00
-2.071646605882821124e+00 7.419553130255254203e+00
-2.180496445558504526e+00 8.030398314607353427e+00
-2.139619629713413129e+00 6.600813624971806348e+00
-2.025729858109345916e+00 7.374738624801338460e+00
-2.188871908219858220e+00 7.995230689148586478e+00
-2.130488451214182177e+00 8.052223492212343459e+00
-2.198515585013094853e+00 7.024899019304247538e+00
-2.139908588245907239e+00 7.698254627183262144e+00
-2.061543140990699463e+00 7.845292696317693881e+00
-2.049133393205095466e+00 7.496813814719781810e+00
-2.033642350079103878e+00 6.779051700680308379e+00
-2.068010766610947293e+00 8.025129470281276767e+00
-2.050794838898548189e+00 7.299816547146124712e+00
-2.136813422321779843e+00 7.141476771425470993e+00
-2.085558184237688018e+00 7.803037229194907276e+00
-2.007102931258562872e+00 6.925019761897262427e+00
-2.168195281769117688e+00 6.563742379433940677e+00
-2.085793716841788381e+00 8.059201789055414622e+00
-2.081134995070006877e+00 8.268433177653763622e+00
-2.142026175956187828e+00 6.813832326150532914e+00
-2.124115061878162347e+00 7.868064804591903716e+00
-1.973952957928726271e+00 6.524616201483264710e+00
-2.242223938162335450e+00 8.079811166801022182e+00
-2.036204583747202257e+00 6.880965566780657738e+00
-2.126591470121406147e+00 7.722771025659312727e+00
-2.104698394430780883e+00 6.695003874120570408e+00
-2.076253828875223029e+00 7.609849959263636165e+00
-2.257220747616521361e+00 8.487119950955085201e+00
-2.140667469647338894e+00 8.025168431487106346e+00
-2.159095972661483120e+00 7.744873743778320829e+00
-2.060344193809835911e+00 7.838196919642204108e+00
-1.968879630717626839e+00 7.291694444178847156e+00
-2.159420030198556439e+00 7.631838369586469994e+00
-2.112555183556021454e+00 8.116391547733091016e+00
-2.183572148263225099e+00 8.123134424797823883e+00
-2.176354026291218879e+00 6.916789077879344383e+00
-2.052191273596240428e+00 7.966351669275206326e+00
-2.097135337293814406e+00 8.381848319632240418e+00
-2.062423166971225186e+00 8.190336600357071006e+00
-1.953993091531175619e+00 6.841678061177825398e+00
-2.062108547879669906e+00 7.924083494839003095e+00
-2.014563997581761523e+00 7.823949403293701366e+00
-2.171380442128017840e+00 8.107563539007667686e+00
-2.057820357317214910e+00 7.010644875087783667e+00
-2.339349358731229511e+00 8.133801904376094072e+00
-2.073589779223173668e+00 6.911580609041379830e+00
-2.096220338458371746e+00 6.992087879615849211e+00
-2.197562987286652003e+00 7.974996396270860544e+00
-2.187829856193832967e+00 7.606993331702311067e+00
-2.110712322962171150e+00 8.062497914982342806e+00
-2.018194445681789517e+00 7.069103787422975849e+00
-2.039201825483631936e+00 7.028655809306178170e+00
-2.016645409888821572e+00 7.422684380624923861e+00
-1.991065329188290045e+00 7.251850915358333260e+00
-2.187931030556713452e+00 7.068489331392103558e+00
-2.054087882696333800e+00 8.292172475224843353e+00
-2.148561265972661172e+00 8.411583484122381549e+00
-2.188590672873696796e+00 7.526734222305061728e+00
-2.095696164256316774e+00 7.628289254519506457e+00
-2.179336363313672198e+00 7.807650569274825259e+00
-2.079067227331973022e+00 6.898481495086468129e+00
-2.144006231686140129e+00 7.493711166349393160e+00
-2.058140236379771171e+00 7.050977324307789118e+00
-2.055451559040911480e+00 8.545521514521295714e+00
-1.976983136067366198e+00 7.547274853171716202e+00
-2.040647467618292410e+00 7.803911906790478525e+00
-2.028748527167037796e+00 7.446678721812401314e+00
-2.138214228563660058e+00 7.686166507551932980e+00
-2.139211337779631794e+00 6.604683794884542714e+00
-2.062273818455610641e+00 6.675727272874794060e+00
-2.225228135149399655e+00 7.894596515759633171e+00
-2.099077258052589379e+00 6.663411714811674713e+00
-2.255856251617619712e+00 7.705934695457593797e+00
-2.115224591045162139e+00 7.588096220486147736e+00
-2.081767684290627862e+00 6.797453554579507617e+00
-2.192875126173765565e+00 8.382725971464743964e+00
-2.172702544001201552e+00 8.149739276744783822e+00
-2.126852102641154652e+00 7.064671249874493242e+00
-2.120023219927740232e+00 7.761449527470267284e+00
-2.097231367127617041e+00 8.026216348002282786e+00
-2.023033343555543873e+00 7.068393152736001994e+00
-2.140493520739765732e+00 7.622901248087005754e+00
-2.010525273399594859e+00 6.939178992007604130e+00
-2.057365860185370376e+00 6.919085865437171634e+00
-2.138642791201286197e+00 7.721421815874310646e+00
-2.309991567114155764e+00 7.904551520063390235e+00
-2.121568528530522801e+00 7.626192002169004169e+00
-2.149016081861776062e+00 8.135512706699120855e+00
-2.038328461841879768e+00 7.568548142739745188e+00
-2.069524091466262039e+00 7.603091818877852681e+00
-2.071797027067811214e+00 7.140501655807292458e+00
-2.156415006489224240e+00 8.084685476689770667e+00
-2.086889558631553232e+00 7.920776226140437970e+00
-2.158131157984802595e+00 7.811357097137638483e+00
-2.170023158701539945e+00 7.600002116327045698e+00
-2.014891646989898533e+00 6.856679498508330362e+00
-2.099814246820754793e+00 8.604614869318144343e+00
-1.961608479917616332e+00 6.426019843476764137e+00
-1.966921736938078036e+00 7.446891303445667631e+00
-2.135357949651176757e+00 7.866587904138468978e+00
-1.981163457614272483e+00 7.037961911573436424e+00
-2.011606000020999208e+00 7.138954966888102938e+00
-2.035379289106371115e+00 7.729845856639149915e+00
-2.164750263276203235e+00 8.650411545363040133e+00
-2.104243272859436242e+00 7.151077099808340165e+00
-2.057733673066768798e+00 6.668038123460630295e+00
-2.091492367954525200e+00 7.702687513451696333e+00
-2.148793871007893319e+00 8.408054082439248234e+00
-2.009125439101173249e+00 6.277173154507993402e+00
-2.171130759100634577e+00 8.205936336154552535e+00
-2.206673471711453338e+00 8.575903985764529835e+00
-1.952607238807890777e+00 7.031037260863778116e+00
-2.086007840696930238e+00 8.384020570380652515e+00
-2.204262968525216415e+00 7.864340135869587023e+00
-2.149307356492441201e+00 7.437962095736924795e+00
-2.057354291162317050e+00 6.918726107684438631e+00
-2.062692437041753202e+00 6.886385773974812885e+00
-2.067830590237268229e+00 7.614560016431508593e+00
-2.033681155796063234e+00 7.297876424531152928e+00
-2.155940737665936524e+00 7.581099823222480438e+00
-2.149142298044942834e+00 8.154446832444770976e+00
-2.013048838604019952e+00 7.834690731407913056e+00
-2.209905807413601764e+00 7.206416316315332971e+00
-2.035670834525994621e+00 7.912262589704608828e+00
-2.257156056846239878e+00 7.797054248063472137e+00
-2.099595515782842980e+00 7.222558519624529438e+00
-2.104951501602050801e+00 7.655473373661705772e+00
-2.149333324303733139e+00 8.045135412685539222e+00
-2.087928988351250403e+00 6.806371703257492634e+00
-2.133160421549965324e+00 7.201111457434318019e+00
-2.126013162168618020e+00 7.922419243272140754e+00
-2.158633233587905487e+00 8.387330468509999193e+00
-2.104782439036506414e+00 7.255227267733197927e+00
-2.204160676645166461e+00 7.933942009080845459e+00
-2.044419815708409249e+00 7.186593393884189496e+00
-2.024039845095145562e+00 6.636129521987901292e+00
-2.061184198408914092e+00 7.979873463663389899e+00
-2.099035767352163795e+00 8.195565743072275922e+00
-2.065006917983831514e+00 7.355671367704466057e+00
-2.185467695420269862e+00 8.180704753464558721e+00
-2.097631637305155117e+00 7.520750442548055581e+00
-2.033307785653880817e+00 6.949071902312986104e+00
-2.162070893639915781e+00 7.777719636019753580e+00
-2.193541277238352905e+00 8.744427344070988539e+00
-2.123576024453058597e+00 7.477675908251758763e+00
-2.008978149974992355e+00 7.083677153054074083e+00
-1.885932243233083616e+00 6.828931166239121886e+00
-2.062731990318674491e+00 7.720035255695826493e+00
-2.097168762885898374e+00 8.423824024593431048e+00
-2.098495035765621797e+00 7.370846222646203039e+00
-2.160014736013061487e+00 8.206995384281004391e+00
-2.251026811754721191e+00 8.340515444094304343e+00
-2.185024984213332466e+00 7.869628404350239137e+00
-2.064410460508304901e+00 6.916686589480071312e+00
-2.090537371684041634e+00 8.073610038698003422e+00
-2.102740553530936030e+00 7.977178065294991072e+00
-2.234475198562446252e+00 7.525869975078970597e+00
-2.188662748097247146e+00 8.355436371602184664e+00
-2.097999333190824878e+00 7.483281136619053697e+00
-2.079238006757245572e+00 7.728138523413585759e+00
-2.082824483002459814e+00 7.530712659125234687e+00
-2.069984833129673518e+00 6.733802034465335318e+00
-2.224688072305839537e+00 8.190833749570085587e+00
-2.205061199870606004e+00 7.925362172508186198e+00
-2.190370029395123375e+00 7.041316166443021274e+00
-2.230026041746277166e+00 7.619746376375291952e+00
-2.139640577300918167e+00 7.099794239435794019e+00
-2.117341902702738921e+00 8.080157705414928060e+00
-2.066328499277450437e+00 7.585007355974824783e+00
-2.064470327014779283e+00 7.194751189852281570e+00
-2.104827132259526667e+00 7.245091763161935816e+00
-2.172926847721549315e+00 7.813996019984927877e+00
-2.153461181833628668e+00 7.914635734764450703e+00
-2.027339811769995670e+00 7.188045987810147253e+00
-2.177178952446803262e+00 7.657730392704886313e+00
-2.010207210372700448e+00 6.726799180999468497e+00
-2.025829770165558319e+00 6.928758574800697900e+00
-2.230106871769634402e+00 8.032980543163517950e+00
-2.185516207083851636e+00 7.139782169560413116e+00
-2.018945254917513754e+00 8.245627834043833815e+00
-2.067353594185207033e+00 7.701237484174519032e+00
-2.053549636393985356e+00 7.437007384089272755e+00
-2.131406850519680596e+00 7.939547919550246746e+00
-2.055601274102489384e+00 8.028707286019006517e+00
-2.142059308767544135e+00 7.620095117710388166e+00
-1.992716829801543188e+00 6.646402717544495964e+00
-1.970023240267599007e+00 6.962306579069498902e+00
-2.108552224786091944e+00 8.527993714942137871e+00
-2.172052198741172280e+00 8.609371998450564334e+00
-2.168667789833619519e+00 8.237632626002151071e+00
-2.024695024500678731e+00 6.781194560220257017e+00
-2.014444729074259310e+00 7.965400521163282122e+00
-2.067510950912834655e+00 7.791650901825870612e+00
-2.163873974590304616e+00 8.446882943063769744e+00
-2.009978067301068094e+00 7.255869602039224375e+00
-2.142411800038234837e+00 8.197358290027072059e+00
-2.161774778225852511e+00 8.631080498335050422e+00
-2.048316368063605175e+00 7.816163382038279650e+00
-2.066986611397907847e+00 7.591512492020678238e+00
-2.125173046985700420e+00 7.334492424090720775e+00
-2.216129046481450704e+00 8.360182307973419213e+00
-2.202035952363757154e+00 7.909930529024020274e+00
-2.122744716887532412e+00 7.620246677689729076e+00
-1.999682152983593975e+00 8.277025038261207612e+00
-2.202746199841868702e+00 7.734092729892231510e+00
-2.038980503106586184e+00 7.986569748196708396e+00
-2.021300395380607018e+00 6.379537099903570763e+00
-2.120621127533318884e+00 7.185941669622105898e+00
-2.002949881504080487e+00 7.628822319532121199e+00
-2.168381314853186304e+00 7.992990447756708861e+00
-2.163888444734034522e+00 8.132145492092762495e+00
-2.030614219011237065e+00 7.286576581653120499e+00
-2.147659239704183154e+00 8.221337777373578959e+00
-2.153634259597468237e+00 8.312545461515378875e+00
-2.164269808091385805e+00 7.818808166638126167e+00
-1.906494138100583546e+00 6.653486043650398862e+00
-2.042070436057183525e+00 6.233560041356064119e+00
-1.959824593973715778e+00 6.951123794795518229e+00
-2.066010765857627440e+00 6.891986911777816971e+00
-2.022579940171419288e+00 6.879539929381912167e+00
-2.083047516544324296e+00 8.406814153959897951e+00
-2.145095416623506335e+00 8.373956645065408821e+00
-2.088591614430330701e+00 7.205042911588509291e+00
-2.099485062956560899e+00 7.149929939794586353e+00
-2.289824296328721864e+00 8.519524676511329275e+00
-2.060869744192506126e+00 7.531524029004644127e+00
-2.186828182493501416e+00 6.708462214461468065e+00
-2.199312097107863018e+00 7.968972366037669453e+00
-2.240621097602009559e+00 7.763430429932686394e+00
-2.007820955969598753e+00 7.642865106769735739e+00
-2.142856439883571884e+00 7.941349994737582740e+00
-2.137745435981831310e+00 8.365550894191839504e+00
-2.085681920874598472e+00 6.661009151106999759e+00
-2.068023433718615411e+00 8.364616922629277695e+00
-2.181303771063173524e+00 8.342582796013127577e+00
-2.189587489005125676e+00 7.957593694492048009e+00
-2.129599674178544344e+00 7.918903248088998481e+00
-2.185573553451349849e+00 8.335052925559926607e+00
-2.091700564225151382e+00 7.003016087186715311e+00
-2.031612702391539127e+00 7.523498531021584057e+00
-1.990793581686451930e+00 7.526126604386000452e+00
-2.039247401553275107e+00 7.182992592594307446e+00
-2.092937267625542219e+00 7.900154294639746055e+00
-2.125129634862938932e+00 7.591991689305329416e+00
-2.273492345125725844e+00 8.300501054437006587e+00
-2.132854439726708851e+00 7.358282081104567496e+00
-2.013500996362413531e+00 7.923273871750207142e+00
-1.976475244717367463e+00 6.804937851577669505e+00
-2.128205183864682937e+00 7.503950251657887982e+00
-1.999970270959444241e+00 7.179628605200886859e+00
-2.153142827698190320e+00 6.763246294198158814e+00
-2.148654037142805340e+00 8.060896722962702654e+00
-2.205825942224119540e+00 7.253577079983855036e+00
-2.061515191842268724e+00 6.730176740951458569e+00
-2.043378185709528339e+00 7.125031032440736212e+00
-2.040175228050062461e+00 7.395794318069360607e+00
-1.863386306551571225e+00 6.482474959736404863e+00
-2.015630200191899313e+00 7.784342623437934705e+00
-1.970357385021352048e+00 6.688400810843236677e+00
-2.175039300287979316e+00 8.382971970182053312e+00
-2.039628725383162422e+00 7.526739024450317395e+00
-1.990037427605051867e+00 7.548502237825900352e+00
-2.252430972701034761e+00 8.324683949241807213e+00
-2.079745918567388774e+00 8.200865131508454198e+00
-2.175554288935835245e+00 7.517553542294971969e+00
-2.267512525813007329e+00 8.482252012904437422e+00
-2.153012666596442859e+00 7.375732872168406118e+00
-2.164716464036834598e+00 7.066386828292839262e+00
-2.171092687885760153e+00 8.382968161997224499e+00
-2.182420763431996757e+00 7.676839797446446845e+00
-2.199794609928150901e+00 8.063964247013915454e+00
-2.257100104925460649e+00 8.007706322137108756e+00
-2.146189228857599662e+00 7.155063667654341764e+00
-2.073224891419648497e+00 7.359529089609308627e+00
-1.920107346181333829e+00 6.629834709398209291e+00
-2.046061645578337362e+00 7.083842516472261153e+00
-1.989874873399953614e+00 7.784608479511717860e+00
-2.211148097069244756e+00 8.547632168970835664e+00
-2.115144192158828762e+00 7.342458705193529944e+00
-2.062860560752084904e+00 8.302972650452105086e+00
-1.969702179872828030e+00 7.331765987383770167e+00
-2.080397234350896518e+00 8.004188772904143434e+00
-2.123187131877586342e+00 7.281406427015070904e+00
-1.986795399656483552e+00 7.403918738691857016e+00
-2.060315000522792594e+00 7.087419995143019236e+00
-2.201731377198815398e+00 7.330954375947170476e+00
-2.181052399091695460e+00 7.661517214768035267e+00
-1.990583211053302826e+00 6.960961502189342731e+00
-2.142689146458155669e+00 7.896504618470177483e+00
-2.180672274453583803e+00 8.377020472446766064e+00
-2.003326414915910902e+00 7.991457694298492953e+00
-2.218169051356265076e+00 7.224537684275686544e+00
-2.229411685155489931e+00 7.944346186091305384e+00
-2.121378759777519107e+00 8.094714097388676421e+00
-2.172882261744728538e+00 8.442167651083346769e+00
-2.111747337884554820e+00 7.060975528662518208e+00
-2.110673312536383683e+00 7.616956937010169071e+00
-1.922593824441972243e+00 6.677614749894265067e+00
-2.234767122176447351e+00 8.051349133221867405e+00
-2.042871647511069533e+00 7.912715254393859254e+00
-1.982191764097184450e+00 8.271106413221811948e+00
-2.139447810683199336e+00 8.133208707360690681e+00
-2.121388163289262607e+00 7.580569577498388334e+00
-1.994605559622224744e+00 7.188416153178097012e+00
-2.170726744923171747e+00 8.486580273617494896e+00
-2.002980618430176829e+00 6.677013831363428409e+00
-2.191243388179792806e+00 8.076140930692245590e+00
-2.161152762499754854e+00 6.563158236952752134e+00
-2.157288270279863251e+00 7.274702660139317878e+00
-2.017212251249045796e+00 6.426768208113298186e+00
-2.137110464872536308e+00 7.931119928037709599e+00
-2.064014681116203231e+00 6.900443804504300616e+00
-2.194272609502771587e+00 8.370189413212811402e+00
-2.176805465905475412e+00 6.946633885371949368e+00
-2.053815910417331470e+00 6.554664479957292400e+00
-2.013224491114895098e+00 6.856640875912068722e+00
-2.185805693579768949e+00 6.701088146034551052e+00
-2.046039226380986786e+00 7.633648973610068111e+00
-2.050024080110608438e+00 7.550659464025372358e+00
-2.048055006605431494e+00 7.348584767724782196e+00
-2.107331324583900489e+00 7.329940985499669992e+00
-2.143447504314821561e+00 7.663751081744964111e+00
-2.078712199455943210e+00 7.249362536027713411e+00
-2.122201254010117388e+00 8.673936235845774334e+00
-2.137701619729821534e+00 7.260480312378434498e+00
-2.160737407283357836e+00 7.713297171345775638e+00
-2.110196175172251110e+00 7.035917647189612545e+00
-2.142507938149578184e+00 7.736416137726797260e+00
-2.054827669102244236e+00 6.834985577100514575e+00
-2.040968511557601506e+00 6.620245879079390328e+00
-2.113485608945187888e+00 8.557017038951858723e+00
-2.151288898459989163e+00 7.075715425859216978e+00
-2.275241406505414066e+00 7.500996166962957901e+00
-2.084529889352217502e+00 7.153473869946255448e+00
-2.230542921361442499e+00 8.068904382852840840e+00
-2.037291001296483106e+00 7.216312053777708790e+00
-1.832427367743167501e+00 6.685280158799664640e+00
-2.094439304791054557e+00 7.505352686629432668e+00
-2.103532736747715681e+00 8.076847779373585112e+00
-2.102243799162426541e+00 7.738917361633847136e+00
-2.063103021919717062e+00 8.351413385924704613e+00
-2.020268012279414105e+00 7.153527654105582556e+00
-2.051107087990840405e+00 7.994670415781197192e+00
-2.142242074433215127e+00 8.087712388685041276e+00
-1.990313944728278051e+00 7.932616538509472015e+00
-2.092625858177715070e+00 7.747168714459089500e+00
-2.135468462565966341e+00 7.964925592038007984e+00
-2.151612953632359826e+00 7.287147424320208344e+00
-2.021584485064233494e+00 7.622210838241264774e+00
-2.195639170541911600e+00 8.010288375480557832e+00
-2.189345956264826754e+00 8.559190899937053842e+00
-2.146356543930136418e+00 7.221644826601027134e+00
-2.156049727778860170e+00 7.713752910047361411e+00
-2.179832885687580823e+00 8.164944940064469137e+00
-2.149448009034570006e+00 6.620913022973510031e+00
-2.022531335644790040e+00 7.061441347816871605e+00
-2.002004628900619032e+00 6.953712917151351647e+00
-2.196943751703103853e+00 7.749579292432423827e+00
-1.971954518858247907e+00 7.413404778600336087e+00
-2.096886325096748216e+00 8.381528726244287242e+00
-1.962214837587750837e+00 7.554100080434517750e+00
-2.158404477368429220e+00 7.520316418210048148e+00
-2.050234417445021773e+00 6.825168846759807728e+00
-2.119751329521583294e+00 8.274696828894207101e+00
-2.072825275927721478e+00 7.234672866009550063e+00
-2.002917694054001441e+00 6.598352679978951585e+00
-2.018111133652216171e+00 6.895965559932504263e+00
-2.137974317223279463e+00 7.736508575724620584e+00
-2.202638316598246604e+00 8.128201480711808813e+00
-2.095839919180643385e+00 8.002674973481722631e+00
-2.203646269491352783e+00 8.302393139739729477e+00
-2.057271067308149792e+00 7.418945748344770053e+00
-2.155644879807030900e+00 7.918403404431591852e+00
-2.241072760958992660e+00 7.839454857411733535e+00
-2.160945224323822966e+00 7.121328453370772138e+00
-2.259529409335160111e+00 8.186161396374764365e+00
-2.055648207094612268e+00 8.106221427359956877e+00
-2.147976876553867154e+00 8.048179196302378102e+00
-2.049739858820510019e+00 7.990175558417110580e+00
-2.208475294466902827e+00 8.359725042081837643e+00
-2.179526296958045783e+00 7.986079353100749678e+00
-1.911380732148308947e+00 6.746289910290326652e+00
