-2.099540092134007274e+00 7.170500842979555145e+00
-2.029100206149307084e+00 6.599295720056309378e+00
-2.218654364759529596e+00 7.042296674764694231e+00
-1.966184500710783656e+00 6.850853736757954060e+00
-2.125570707729604880e+00 7.754616155250781517e+00
-2.251581804225679662e+00 7.270280323482364970e+00
-1.945265410495052416e+00 7.033373713912331127e+00
-2.161843985363055332e+00 6.992361782254935321e+00
-2.255250944919620970e+00 6.481430421880680193e+00
-2.053083520940500062e+00 7.592096024338926163e+00
-1.917331024194986577e+00 5.969187095690124956e+00
-1.964647252292686774e+00 7.136077782732285435e+00
-2.043095697456884796e+00 6.457975572516969187e+00
-1.895281258369968080e+00 6.914570372592463876e+00
-1.962082566007448570e+00 6.516963213715783354e+00
-2.240751565566062364e+00 7.685586188660185947e+00
-2.001012332411343575e+00 5.908549174102518897e+00
-2.158618855600484387e+00 7.903942497508636755e+00
-2.159126974664840937e+00 7.320683052680804437e+00
-2.275210049654986300e+00 6.878386699465377063e+00
-2.079393926090564282e+00 7.258704589056080181e+00
-2.284474452789181154e+00 7.382684598846980251e+00
-2.137829018169700834e+00 8.572693210428413479e+00
-2.258519333842012866e+00 6.676947085030907836e+00
-2.022270707218207342e+00 6.223926013231008803e+00
-2.124470873378794700e+00 8.077394887210845198e+00
-2.173748615050431710e+00 8.060080739607546008e+00
-2.425501428595011610e+00 7.427582438544824583e+00
-2.094930307983498441e+00 6.175698538504732049e+00
-2.006893418676980012e+00 5.935343161363271669e+00
-2.141878470231767917e+00 7.484547707061416588e+00
-2.084251830259487015e+00 7.301271722678637666e+00
-2.389394848113838510e+00 7.539927863929399621e+00
-2.039846369664710668e+00 7.153353439555263371e+00
-2.103484983231205252e+00 6.975500028485628334e+00
-2.160061638554799490e+00 7.741106560244411128e+00
-1.990867044748492187e+00 6.776133957118239515e+00
-2.391600675086913874e+00 6.931620681572693954e+00
-1.925835568140552567e+00 6.895425889015798226e+00
-2.272997058799019587e+00 6.686365634591271423e+00
-1.884052704780718512e+00 6.622888524876490379e+00
-2.111838372307548450e+00 6.470165237281408466e+00
-2.318403226849202525e+00 7.202924498972349987e+00
-2.087079659484077698e+00 6.809360398237060075e+00
-2.234349430237516643e+00 6.643279463080015823e+00
-2.388839908136339840e+00 6.731042383425267062e+00
-2.077563612431047257e+00 7.012459476533195790e+00
-1.946883566688485612e+00 6.143045932461722813e+00
-1.905423316561759561e+00 6.434478462903381768e+00
-2.026546647149617630e+00 6.283654109458812975e+00
-2.041138063622715659e+00 7.249872950764364887e+00
-2.227545402543047892e+00 7.160164276907255321e+00
-2.102388686251901451e+00 7.831629960526401923e+00
-2.300027272341527151e+00 7.780076343557068341e+00
-2.192519050200913089e+00 6.917138451811379873e+00
-2.114001963845293375e+00 7.468842166734421362e+00
-1.988874393939813245e+00 6.922056355777916004e+00
-1.934935630832297360e+00 7.390440227004292595e+00
-2.220102876343385656e+00 6.974840960171371229e+00
-2.101538677956910739e+00 6.964844500605729571e+00
-2.032528061999080649e+00 7.318613509063715661e+00
-2.086366219754796525e+00 7.515764765206408349e+00
-1.955521559444023616e+00 6.561135430659517098e+00
-2.197050711952217572e+00 7.907272403557263907e+00
-1.902979764545447150e+00 7.059486263141452334e+00
-2.230328597193373508e+00 7.048689439274190782e+00
-1.984262214911331590e+00 6.045087009050733151e+00
-2.176424046746856966e+00 8.050599828778523204e+00
-2.035531852586405233e+00 6.635757336905651727e+00
-2.197020505564812876e+00 7.564017808812542043e+00
-1.984514463699864839e+00 7.449204959814844429e+00
-2.215002373556841153e+00 6.945228193408613748e+00
-1.902857880125156997e+00 7.020958531434198235e+00
-2.279297881129121350e+00 7.303937636443134096e+00
-2.153206554791962102e+00 6.499609090597291861e+00
-1.936336051376208678e+00 5.943802730296346759e+00
-2.125055211236337449e+00 6.255814954799964411e+00
-2.212562331041764807e+00 6.967807314855503975e+00
-2.188691128148195109e+00 7.137393044966351852e+00
-2.082437819078061469e+00 8.141746855150561402e+00
-2.185682981753835019e+00 8.379173795829675697e+00
-2.166817515778648673e+00 7.450180873964702855e+00
-1.950733928825041819e+00 6.802082866072950651e+00
-2.008101787922227821e+00 7.182035281398551518e+00
-2.138962799896205524e+00 6.622855555042764131e+00
-2.054568261184860578e+00 8.195281763213374759e+00
-2.260306325248580439e+00 7.408869177277874307e+00
-2.194591535556705608e+00 6.561003444984817357e+00
-2.348283399668806393e+00 7.593344310193770319e+00
-2.144173696342472457e+00 5.849453010963629573e+00
-2.102259452096328474e+00 6.890296876493873235e+00
-2.112653295983756951e+00 6.973585319035205288e+00
-1.877155433914056371e+00 6.413115891159598014e+00
-2.068719563366780534e+00 7.421004472901788773e+00
-2.257687895823655921e+00 7.688083551708140284e+00
-2.118758421157076466e+00 7.650430765366805552e+00
-1.927678294637454437e+00 6.580410453063787024e+00
-2.302905859520204768e+00 7.429412357151663038e+00
-1.959899123663642495e+00 6.729524264427675817e+00
-2.194594991547619056e+00 7.748622297356894784e+00
-1.881729966125643916e+00 6.589415478595674003e+00
-2.156559113343345935e+00 7.492126017517025005e+00
-2.054096799993403444e+00 6.922019977497339660e+00
-1.855811801956707141e+00 5.625883563822943856e+00
-2.200758208183564602e+00 7.838918007966038992e+00
-2.153599518374019528e+00 6.935564720336961919e+00
-1.937284383187544590e+00 6.179038786947030459e+00
-2.266395255412703147e+00 6.984667175001209927e+00
-2.150822856704159847e+00 6.560861514206653311e+00
-1.982437047754388004e+00 6.512109402730839491e+00
-2.004249872519399123e+00 7.752182669107509305e+00
-2.336135673829833337e+00 7.267345149233374713e+00
-2.017348327102751693e+00 6.204741458084476413e+00
-1.997493283666712527e+00 6.027632316188006101e+00
-1.986806833357221080e+00 6.682800819977666507e+00
-2.383294503761160588e+00 6.556347229453374226e+00
-2.397115301447717783e+00 7.072547818556561339e+00
-2.181516737807178252e+00 6.136203292975916490e+00
-1.855521222321619534e+00 6.560132750426091341e+00
-2.203774863210396173e+00 6.849672094066284522e+00
-2.025856257993949416e+00 7.751505468195017734e+00
-1.943885749169534050e+00 6.649525014062269257e+00
-2.021002154500485037e+00 6.881671616983343398e+00
-2.189589752076324114e+00 7.429462563702546873e+00
-2.199865094780188102e+00 7.556490038491994632e+00
-2.103242972922008125e+00 7.381328073390320377e+00
-1.928841748463653305e+00 6.877722955069152100e+00
-2.064051219257354575e+00 6.959588285436924870e+00
-2.169167860462811515e+00 7.611723174951916526e+00
-2.088315523006421870e+00 7.486508142481385519e+00
-2.108237388382553590e+00 7.143415572731573349e+00
-2.194439784351152500e+00 7.664213525520713333e+00
-2.195930940255597541e+00 6.158463606597212703e+00
-1.928227560244956118e+00 6.996892168393959999e+00
-2.263262655642581667e+00 7.681014291667445093e+00
-2.085802659298340966e+00 7.695608993018755228e+00
-2.271845670949797391e+00 6.407336636443763389e+00
-2.109416786954668943e+00 6.932040768151853882e+00
-2.040539880296222019e+00 7.406408032409509623e+00
-1.986225030398210301e+00 6.617909945994071563e+00
-1.943691777977637924e+00 6.276789079579643271e+00
-1.921995563499544035e+00 7.205415408177158199e+00
-2.123837797876118927e+00 6.882740689695605596e+00
-2.276317639426686856e+00 6.473261977702473580e+00
-2.103986920780299030e+00 7.357188249378265432e+00
-1.925057876437175741e+00 6.060931047702489138e+00
-2.240484453755731131e+00 5.888726762706427920e+00
-2.051406884059256974e+00 7.647168964296570337e+00
-2.087151291902241024e+00 7.652911094852582252e+00
-2.169316473263450007e+00 6.333523595961526809e+00
-2.115858375328186103e+00 7.427549488368098807e+00
-1.849658107627931702e+00 5.801875172216228727e+00
-2.389782285499227665e+00 7.404844205929031808e+00
-2.081868321026128843e+00 6.353069268589955243e+00
-2.156324387752045268e+00 6.998295631514198867e+00
-2.157714435756217242e+00 6.239672963343353196e+00
-2.052474495806309029e+00 7.245060860298030647e+00
-2.306909773568985411e+00 8.053758073372851101e+00
-2.187245518439520087e+00 7.847834546817918699e+00
-2.156461502834851718e+00 6.837070619210291689e+00
-1.975645632194514167e+00 7.538430571231280908e+00
-1.803347828886891602e+00 6.459668842576500758e+00
-2.271233571821190900e+00 7.102060539408276973e+00
-2.160757442190983202e+00 7.615295036452679689e+00
-2.276363349586996598e+00 7.790032356733900265e+00
-2.288302423197241531e+00 6.354207758245945747e+00
-2.075839112964145805e+00 7.604426109808324341e+00
-2.034415219433534094e+00 7.807247968434842811e+00
-2.002373059613285822e+00 7.574401999496921611e+00
-1.958003869641588901e+00 6.125299750595759818e+00
-2.025832883344572899e+00 7.394100365007868270e+00
-1.873856314245812449e+00 7.024404701773439008e+00
-2.175281594118119610e+00 7.503957550439825930e+00
-2.091521522701632829e+00 6.541895583743197129e+00
-2.513167751572249475e+00 7.418554244625365612e+00
-2.045364983281708682e+00 6.379645757879123025e+00
-2.146565214927871779e+00 6.432992987830439269e+00
-2.227897513888358993e+00 7.509148553656036285e+00
-2.210354282336799425e+00 6.948019632952492586e+00
-2.038830862662645238e+00 7.384851902367538301e+00
-2.075416146537984563e+00 6.587975330474505675e+00
-1.926528245866845124e+00 6.423832311547826635e+00
-1.885694367279891814e+00 6.913838418811795172e+00
-1.953653913675774678e+00 6.913337383542724979e+00
-2.250388003725398267e+00 6.213574939950976095e+00
-1.988692533350162384e+00 7.843966373098394840e+00
-2.123668144314747153e+00 7.841958514630633204e+00
-2.300661713469303038e+00 6.711540947995510820e+00
-2.045321941598285509e+00 6.983355333466234605e+00
-2.281177657478852261e+00 7.337535895462088398e+00
-2.126983736871302266e+00 6.416524748551395874e+00
-2.262866619966635628e+00 6.903820408960732458e+00
-2.087957931059805983e+00 6.683732206488778971e+00
-1.975616924359709259e+00 7.858291194486041853e+00
-1.897988362659747352e+00 6.923334048095321158e+00
-2.015448409649801764e+00 7.302813940899064882e+00
-2.044320543236336274e+00 6.803755174725774069e+00
-2.086393762394333162e+00 7.246879497061271991e+00
-2.211671054303984363e+00 6.162569139560947207e+00
-2.067883444942343996e+00 6.257574563511481003e+00
-2.340932427444914588e+00 7.425051458331528131e+00
-2.184565181154086932e+00 6.429380378172735000e+00
-2.355285088880888278e+00 7.355897821538103898e+00
-2.057371516179248960e+00 7.084503042511686388e+00
-2.125347076444093819e+00 6.346240779993115311e+00
-2.215350100127133182e+00 7.987156533445856965e+00
-2.194796597304786712e+00 7.510475024886771322e+00
-2.137056625846727620e+00 6.490870244438671222e+00
-2.192004570667885677e+00 6.874281926805738685e+00
-2.078814927862030704e+00 7.278175951942729149e+00
-2.029515813528055546e+00 6.672928928571884910e+00
-2.201614509362523009e+00 7.179024300676327464e+00
-2.021954371213908086e+00 6.571927326186483675e+00
-2.037989773889617773e+00 6.391674685617878993e+00
-2.088642867187163965e+00 7.222648041097349925e+00
-2.451243902035085576e+00 7.234078234547069108e+00
-2.084316693675017707e+00 7.368000576495331799e+00
-2.164569091018952562e+00 7.292574839625045158e+00
-1.977651373301698268e+00 6.870526451572654736e+00
-2.061945441880020269e+00 6.891476077449765647e+00
-2.137085787396085124e+00 6.757650098993402743e+00
-2.077760098773756781e+00 7.665427403077534230e+00
-2.024690718571108494e+00 7.439844510365748675e+00
-2.181364493317173192e+00 7.396216465512808647e+00
-2.236719729836099013e+00 7.214889829954612033e+00
-2.016843629359775569e+00 6.637519486050681650e+00
-2.058878484199642589e+00 8.372558836285687534e+00
-1.971569024242448842e+00 5.645996140315718392e+00
-1.905074162194433596e+00 6.984241732214732323e+00
-2.188589778768087690e+00 7.339460586765008010e+00
-1.957860085410707995e+00 6.584725462823188380e+00
-1.966605412765533467e+00 6.662004666844397960e+00
-1.985020781934826228e+00 7.561661495476060146e+00
-2.206495574709714802e+00 8.300377097225370093e+00
-2.185179977870455925e+00 6.437130367635770511e+00
-2.020825839491073861e+00 5.820893713495340904e+00
-2.127333498832054914e+00 7.013777797057808350e+00
-2.149456092242070682e+00 7.978007225097695887e+00
-2.034626605446376413e+00 5.357525461864436345e+00
-2.174555515408342021e+00 7.679114144745946113e+00
-2.186879427519091479e+00 8.184583811541489951e+00
-1.909121777981890311e+00 6.758649832387709999e+00
-2.005831026276895468e+00 7.808820220819479907e+00
-2.276457413249027617e+00 7.192157448136778264e+00
-2.156206670928608293e+00 6.979456087181538315e+00
-2.111083224384405543e+00 6.540543300530250015e+00
-2.091711762413409836e+00 6.529945183886829874e+00
-2.117105605810059910e+00 7.056864539222754473e+00
-1.991875547989229389e+00 7.083474353939354984e+00
-2.128151907660391196e+00 6.829155225448970690e+00
-2.187736007524511805e+00 7.388873538953031783e+00
-1.959772955498602531e+00 7.101664428812966001e+00
-2.301102648435019216e+00 6.809878676877274550e+00
-2.016525861343140047e+00 7.651554659012597348e+00
-2.347975737338544366e+00 7.015938980352888876e+00
-2.123372128134478842e+00 6.725405102868929674e+00
-2.199105139259629027e+00 7.274889457543021187e+00
-2.126549232321294447e+00 7.722922938817258220e+00
-2.091203697437964859e+00 6.378156528845154938e+00
-2.161453470710919866e+00 6.853847337712367427e+00
-2.173135561785283443e+00 7.549885582953159258e+00
-2.097499722455267168e+00 7.947784377367592690e+00
-2.092617360504716917e+00 6.591920186657241665e+00
-2.181552881648030962e+00 7.162617958200853785e+00
-2.067673139355447720e+00 6.373332573695091874e+00
-2.065716778927261021e+00 5.991612299937619568e+00
-2.078945618103290816e+00 7.485596861505739774e+00
-2.143945959729887552e+00 7.708350933244655145e+00
-2.058981118051419923e+00 7.032712362259506911e+00
-2.174807143126188613e+00 7.778167822384904007e+00
-2.054805347309828445e+00 7.176550255532736955e+00
-2.039557320429573828e+00 6.401667450628315770e+00
-2.148914767936986436e+00 7.566614567093440158e+00
-2.308830963888313104e+00 8.466567425843555483e+00
-2.117598189019775923e+00 7.130591191897361902e+00
-1.991450953245846200e+00 6.310122406389145233e+00
-1.770424749162233802e+00 6.028852016273061665e+00
-2.054533494267532401e+00 7.047112732147380321e+00
-2.134363593128777659e+00 7.864486176366603409e+00
-2.124595088967320411e+00 6.818370056209791308e+00
-2.129877399239560987e+00 7.945482944356506039e+00
-2.302404022039405085e+00 7.900217920560245410e+00
-2.287655979730338629e+00 7.630812100744649662e+00
-2.030689529587801800e+00 6.271150757305528067e+00
-2.058844845509664179e+00 7.186500650052714434e+00
-2.093582252932929322e+00 7.310712436551276561e+00
-2.294997119484954329e+00 7.048878104429675773e+00
-2.263120715136565764e+00 7.763974688990695761e+00
-2.133653440141152657e+00 6.998102555386852330e+00
-2.074370006312436399e+00 7.047163897424240986e+00
-2.027002112435390746e+00 6.979636397690224037e+00
-2.076302146699967821e+00 6.128014850085299337e+00
-2.301318941955745601e+00 7.667272771654536356e+00
-2.217171482380646985e+00 7.461649076506215117e+00
-2.345819342681028541e+00 6.269131283171663682e+00
-2.372621373207060014e+00 7.209608972406435612e+00
-2.177582693620106813e+00 6.865420441643940386e+00
-2.160489708972276102e+00 7.600400854987214849e+00
-2.124353443103933259e+00 7.273418631204708440e+00
-2.049122692699171466e+00 6.745378451385031227e+00
-2.146751957898024976e+00 6.580585295147009184e+00
-2.180651523454153029e+00 7.327290773103268151e+00
-2.204263509041451741e+00 7.321786856425186230e+00
-2.059301933056994383e+00 6.612794291561012727e+00
-2.132480610136647581e+00 7.154536668024874757e+00
-1.981130725558800432e+00 6.382203096359803318e+00
-2.092222514677024581e+00 6.417200447312088052e+00
-2.275944861273561326e+00 7.424709347506202484e+00
-2.297067743222322544e+00 6.436777358165046259e+00
-1.930400777909413890e+00 7.520957832918133690e+00
-2.008625879542140336e+00 6.878802362434145223e+00
-2.048775831454064278e+00 6.886739306743154820e+00
-2.123267476821633526e+00 7.181700424307345898e+00
-1.988137927187353160e+00 7.275008988622728268e+00
-2.176456672620955324e+00 7.049749540947514603e+00
-1.922669693871158492e+00 6.027275943013407300e+00
-1.946235665452095809e+00 6.352931197303337107e+00
-2.126030366652254866e+00 7.956194736588466654e+00
-2.210146844126791521e+00 7.981386156403778465e+00
-2.142588520729506563e+00 7.605247873560807115e+00
-2.019360646991184449e+00 6.160959714244623520e+00
-1.918787648106736743e+00 7.113185654984284234e+00
-2.044402711112766724e+00 7.055021126867761616e+00
-2.094906221693799253e+00 8.055909618441388531e+00
-2.027042080832525794e+00 6.772606579947069605e+00
-2.068403480493266500e+00 7.455025598767289097e+00
-2.217996046922041220e+00 8.181968667465069345e+00
-2.071186766978420302e+00 7.462653653013327393e+00
-2.129921883069502808e+00 7.056199799152387264e+00
-2.177750911938677092e+00 7.107881745725427081e+00
-2.221280647761159077e+00 8.014234089844221032e+00
-2.213469676432459732e+00 7.237215635705998906e+00
-2.032477169794376870e+00 6.832881155603466539e+00
-1.905776986152218688e+00 7.695166235319211623e+00
-2.285211170145837745e+00 7.166806594510050310e+00
-2.044699404228350836e+00 7.519120284458108650e+00
-1.997073790640372604e+00 5.761850180141427025e+00
-2.113415711554263776e+00 6.493768983209059265e+00
-1.979694709079264925e+00 7.371609892559843225e+00
-2.225313886681770992e+00 7.474336820852464314e+00
-2.162589275688228341e+00 7.491837049196792719e+00
-2.023576540579833161e+00 6.483293089865927783e+00
-2.232582302686451303e+00 7.806278158752068208e+00
-2.178580385619507176e+00 7.962032113341804163e+00
-2.172907412048727505e+00 7.054534848474439457e+00
-1.804620880618264644e+00 5.965384991831686357e+00
-2.071347356166141296e+00 5.458350334508848434e+00
-1.917408832151087594e+00 6.757864909577595114e+00
-2.130281671132869370e+00 6.511410424027183730e+00
-1.991292251397759561e+00 6.019568248491954598e+00
-2.001378500178653930e+00 7.533106247438932535e+00
-2.137922785578508122e+00 8.061582145369714070e+00
-2.056752738878413478e+00 6.665246411534635484e+00
-2.133300822819145015e+00 6.518406456460437148e+00
-2.370803858224041605e+00 7.900424862231904655e+00
-2.101080245681496095e+00 7.166337777920231744e+00
-2.288931400636695201e+00 5.966504989072959120e+00
-2.166736342513900127e+00 7.415844083551086818e+00
-2.335702025416631855e+00 7.044939960457569761e+00
-1.943145312019919579e+00 6.912785809264846648e+00
-2.151191203882198089e+00 7.408042738246083836e+00
-2.121468268215486397e+00 7.964003041893567669e+00
-2.216959125337377046e+00 6.048637602339939967e+00
-2.038156721248944425e+00 7.528268650237630588e+00
-2.300415162762525334e+00 7.875623496424760006e+00
-2.137125554696557295e+00 7.124722332531240987e+00
-2.218341150125636041e+00 7.182636394606931596e+00
-2.250436289132398571e+00 7.850455660937802449e+00
-2.111051464665406385e+00 6.675692736251051862e+00
-2.047769150184387321e+00 7.125015724042412124e+00
-1.911162685846678588e+00 7.269055418518736822e+00
-2.118146348156658476e+00 7.010535873886845515e+00
-1.986929530301192459e+00 7.209053332481345500e+00
-2.122360107024500397e+00 7.089830237643185207e+00
-2.341186365263168589e+00 7.666472973920578582e+00
-2.113993306118894022e+00 6.916153266605146399e+00
-1.971238762698942715e+00 7.272256150745596059e+00
-1.940584720704340738e+00 6.542752190726901951e+00
-2.235417146758134077e+00 7.197519601479082318e+00
-1.877546317436307621e+00 6.444632817295360638e+00
-2.221709127081624935e+00 5.924283446081457072e+00
-2.132967194587312765e+00 7.765269497245413710e+00
-2.266528948998143278e+00 6.552903813960019086e+00
-2.040864062626043030e+00 6.382763897211135351e+00
-2.050915880164857263e+00 6.772730640996906359e+00
-1.999069532378786818e+00 6.729529953284669297e+00
-1.745504247651120444e+00 5.888265437616045261e+00
-1.929777241479896377e+00 7.150567369326051193e+00
-1.981213314027814754e+00 6.215361794893231817e+00
-2.146483119842053533e+00 7.810285250841825899e+00
-2.052920414294765017e+00 6.795125970015123862e+00
-1.926807995293531750e+00 6.939010085527712590e+00
-2.347663095483478291e+00 7.951535852683764283e+00
-2.012655834087215379e+00 7.397665615273068873e+00
-2.217161777217103946e+00 6.986249610625145046e+00
-2.350776273222320967e+00 8.166385329021244033e+00
-2.235251220172834064e+00 7.098238783492208270e+00
-2.180887369552103383e+00 6.561488297369200140e+00
-2.214776565489964710e+00 7.967604384675075480e+00
-2.168918651929919506e+00 6.958181120594920444e+00
-2.244505129350614414e+00 7.380277167422384821e+00
-2.315846682704943316e+00 7.609161528659194040e+00
-2.195920706798569100e+00 6.864941900045884005e+00
-2.020592095424785128e+00 6.472302011831573942e+00
-1.800611662466358176e+00 6.094311460377097589e+00
-2.114274344171093833e+00 6.880390214980256935e+00
-1.959836837645239083e+00 7.562235608627773331e+00
-2.268106791497705998e+00 7.946231112963348053e+00
-2.068032161652830325e+00 6.903253757810184688e+00
-2.042048377860030239e+00 7.492042983973528081e+00
-1.852239702464940185e+00 6.601907468531694967e+00
-2.088813521266820850e+00 7.383734916664987935e+00
-2.154909445245243305e+00 6.810109308271699469e+00
-1.933841297883581056e+00 6.825165858768281524e+00
-2.048219424244813514e+00 6.602535655099326384e+00
-2.308091582244166773e+00 6.854425444116011512e+00
-2.190742228665177205e+00 6.971246110988889022e+00
-1.997460856731948731e+00 6.284893394171345626e+00
-2.042591143320064528e+00 7.241413092467983148e+00
-2.167989536742886525e+00 7.696918636864710450e+00
-1.862165063299980661e+00 7.270898898470699478e+00
-2.350748856305734158e+00 6.931241203047486366e+00
-2.301769400490154993e+00 7.464679575512049858e+00
-2.071138377457801827e+00 7.565146604901539895e+00
-2.235461513218735430e+00 7.920770324697647524e+00
-2.044097198431763296e+00 6.253121992612758362e+00
-2.165400709227737419e+00 6.810621762335195228e+00
-1.877354777876645509e+00 6.199215937271084442e+00
-2.278059018815332237e+00 7.820651088464251721e+00
-1.977521504685235021e+00 7.277134889492950620e+00
-1.844204113016740365e+00 7.635021241379555512e+00
-2.122803861413387949e+00 7.867430390044974686e+00
-2.174978542244880408e+00 7.206885308443659710e+00
-2.023907299422147421e+00 6.638260300148957960e+00
-2.147572517747315946e+00 7.744699182985096186e+00
-1.991237337697488563e+00 6.102683370942765251e+00
-2.179843804866476109e+00 7.399607195790815162e+00
-2.189844304589858126e+00 5.836294312966770370e+00
-2.219504744036960631e+00 6.641345182063786545e+00
-2.047613557119269068e+00 5.735870540807659346e+00
-2.119887133743096896e+00 7.252269126817092015e+00
-2.059261364492641633e+00 6.582977461802199670e+00
-2.263526445238647877e+00 7.934820177290041521e+00
-2.236025242654957612e+00 6.298783629269466999e+00
-2.179251744102757460e+00 6.062414657665774698e+00
-1.988006268500471352e+00 6.169301714823522076e+00
-2.300201596775178547e+00 6.201357277323286787e+00
-1.985014874451507261e+00 6.923875982378625338e+00
-2.046119319341288101e+00 7.047584799503664676e+00
-2.053730905314531174e+00 6.973116419575508651e+00
-2.100475197940699701e+00 6.436367394487644056e+00
-2.187631581512581302e+00 7.130944519975026097e+00
-2.203333760743182435e+00 6.883422788086048349e+00
-2.113724959887166577e+00 8.487376473855606562e+00
-2.214227822076322294e+00 6.758092519947504151e+00
-2.249464723691527723e+00 7.153244078155834629e+00
-2.193124888697189689e+00 6.569769781172370315e+00
-2.156846676279764452e+00 7.387303437091205183e+00
-1.954251244519930042e+00 6.282304637685866666e+00
-2.183926933489432454e+00 6.178383804872551011e+00
-2.035923030152772206e+00 8.180911221037515446e+00
-2.193100340334715792e+00 6.499136725227948830e+00
-2.422201069676359175e+00 7.049004310485323721e+00
-2.112575047841406484e+00 6.907683495452709543e+00
-2.347754854268219393e+00 7.622308808813518688e+00
-2.118722715972306769e+00 6.945266962923544618e+00
-1.707526834369575530e+00 6.178531425734950844e+00
-2.066942879183488291e+00 6.517212136407656509e+00
-2.076020767365868380e+00 7.412445108749709632e+00
-2.161658356692500060e+00 6.966628428555130981e+00
-1.977793308129607297e+00 7.796078577336725601e+00
-2.015785948982768083e+00 6.310182224958925445e+00
-1.940655143859604692e+00 7.210208563530362547e+00
-2.195480017787537541e+00 7.801056822727002071e+00
-1.901396784540315466e+00 7.042711007616306418e+00
-1.970132485693521396e+00 7.256153900944759982e+00
-2.103834414528116259e+00 7.252192686685108747e+00
-2.159176242362013109e+00 6.487059634842526457e+00
-2.022526891182828468e+00 7.136037025635824094e+00
-2.199406993313855363e+00 7.503946088587067464e+00
-2.196475818083596376e+00 8.036630533461707415e+00
-2.149878913945745040e+00 6.932315896631633834e+00
-2.267377631523171289e+00 7.381029580797343392e+00
-2.217121579900640072e+00 7.877054635655513337e+00
-2.233324966130684874e+00 6.061322069883064323e+00
-1.938735544641845276e+00 6.266977912102627002e+00
-2.044658522626702002e+00 6.757649796346992588e+00
-2.296047608814213881e+00 7.229706411292952772e+00
-1.901579286727504980e+00 6.910079150471118759e+00
-2.058799199217176579e+00 7.625654515117771481e+00
-1.920535207570975844e+00 7.124707747811350522e+00
-2.204224987143771575e+00 7.168927349046991360e+00
-2.018980667345480207e+00 6.562946814475880686e+00
-2.174087358543157045e+00 7.952893442094738141e+00
-2.090124569450553249e+00 6.632375656575121070e+00
-2.061823765502878381e+00 5.815936534592375473e+00
-2.025917488401165478e+00 6.309917649414833463e+00
-2.105149013957265502e+00 7.389647061014406937e+00
-2.209766179571118094e+00 7.542226495622179172e+00
-2.027090809937901916e+00 7.468169208053388353e+00
-2.297165488060037841e+00 7.821900243896672933e+00
-1.952665831298272536e+00 6.725351681246117153e+00
-2.193529629787372759e+00 7.169872680380271923e+00
-2.347273928439562507e+00 6.866685981210275180e+00
-2.198020584620602236e+00 6.727190582314590550e+00
-2.354734439326600981e+00 7.681909444165013312e+00
-2.042411136113148284e+00 7.687473601433424619e+00
-2.137379283614886383e+00 7.402753263828288688e+00
-1.976015673413333618e+00 7.470019846354756687e+00
-2.354239201148244920e+00 7.834347103431396064e+00
-2.131627069999091351e+00 7.413838736968666687e+00
-1.868364189771743566e+00 6.028396988030105597e+00
-2.170396880638867376e+00 7.594013381272118224e+00
-2.094725058865977374e+00 6.712654067685628334e+00
-2.187477240337548867e+00 6.970474353833674641e+00
-2.042344446080327725e+00 6.711821118369210026e+00
-2.075418334665609876e+00 7.531037173426931908e+00
-2.164863123724064309e+00 7.372392804791295440e+00
-2.029724025515140529e+00 7.050694163435867523e+00
-2.158260641527211643e+00 6.859388350402123358e+00
-2.195180346257910031e+00 6.712229406571777801e+00
-2.072144978834590923e+00 7.450704349564370332e+00
-2.005073571222731221e+00 6.337110083588211040e+00
-2.015142340582403602e+00 7.145879304063689652e+00
-2.043296645790985799e+00 6.553264609592781120e+00
-1.971982534271202292e+00 6.934323508367670641e+00
-2.002754084224946052e+00 6.614984262674417970e+00
-2.167654855002543623e+00 7.630674719935096384e+00
-1.973405397214936352e+00 6.045635101889547336e+00
-2.170383544549765453e+00 7.798594675209660210e+00
-2.147367371018416460e+00 7.273521814389098061e+00
-2.211295524119059497e+00 7.023606280546240477e+00
-2.142596694979154837e+00 7.184373791651879948e+00
-2.232649517282791596e+00 7.508154116793117616e+00
-2.137183373389548890e+00 8.257074802793779256e+00
-2.178278155425249274e+00 6.708936052054805366e+00
-2.051005593464671595e+00 6.420024522589733884e+00
-2.122237944441787150e+00 7.822336790840573428e+00
-2.183545110939353329e+00 7.894434824672915241e+00
-2.325658350114629513e+00 7.597351290455709005e+00
-2.103844631316087455e+00 6.282959283559582886e+00
-2.028525207862262647e+00 6.122638620679921928e+00
-2.100560170749532496e+00 7.280763163744802924e+00
-2.114224240233462560e+00 7.464738172069723454e+00
-2.256054306990004310e+00 7.653646080955907038e+00
-2.051014447964281562e+00 6.932346103193796516e+00
-2.072746143977587607e+00 7.076124439303328018e+00
-2.119869730214066550e+00 7.625889388485899367e+00
-2.028202317064689453e+00 6.618378401912986320e+00
-2.309982065383568095e+00 7.313647079450048771e+00
-1.972196670078542269e+00 6.820820356267526918e+00
-2.218813000104103761e+00 6.862030944140951938e+00
-1.979043207837488216e+00 6.485797979805405511e+00
-2.125078171727043053e+00 6.840430047891717713e+00
-2.263411292089719584e+00 7.455320357882026627e+00
-2.096608416242398576e+00 6.633572989586223656e+00
-2.172050169069535297e+00 6.520235434350847292e+00
-2.228112886845165175e+00 6.758098814656046116e+00
-2.122828635238437567e+00 7.135536196326974334e+00
-1.999569088515768422e+00 6.575809556513887877e+00
-1.965828363041993709e+00 6.548901039242745803e+00
-2.083640264269231768e+00 6.520532586634029570e+00
-2.135351574083145909e+00 7.571337054080741424e+00
-2.128527244541758012e+00 7.022163723917075551e+00
-2.133838507066379897e+00 7.761500529552066041e+00
-2.230212372567665913e+00 7.765927593696419606e+00
-2.088495424077296381e+00 6.768779807032739626e+00
-2.130822617665176999e+00 7.256842153113209903e+00
-2.041105359882843473e+00 7.235712029578848181e+00
-2.029118980375116177e+00 7.672781503877525111e+00
-2.164538604636727204e+00 7.109214516865089095e+00
-2.067945031962038716e+00 6.866275810519499423e+00
-2.025943062144378803e+00 7.015564967412564634e+00
-2.059048837913279417e+00 7.356427608132050544e+00
-2.013154653661995308e+00 6.632675651676206208e+00
-2.180830300363311380e+00 7.855413043849389432e+00
-2.014284787628549900e+00 7.062505705191675531e+00
-2.207412039536839288e+00 7.176907836589566436e+00
-2.023925597200864068e+00 6.117529790034414994e+00
-2.150460301649463002e+00 7.785836704235544303e+00
-2.053264665131384614e+00 6.387869650152799395e+00
-2.163741416908897097e+00 7.436709781571600786e+00
-2.078568865864082404e+00 7.171177348615692004e+00
-2.150316773593510700e+00 7.189451249364005037e+00
-2.006624304599442077e+00 6.956953295597839926e+00
-2.199421106896449540e+00 7.322382284030229727e+00
-2.099404389156769746e+00 6.439533016287125378e+00
-1.983865305793397926e+00 6.093470915498797602e+00
-2.063459264986337249e+00 6.390767612518487795e+00
-2.203996976803022978e+00 7.199582785173737065e+00
-2.162090163718196845e+00 7.015140567371757285e+00
-2.083855045633607350e+00 7.853553985409155835e+00
-2.143781056646102634e+00 8.000741565333196803e+00
-2.186476119641712845e+00 7.398284013314826879e+00
-2.006388880456905888e+00 6.955059253519363160e+00
-2.055657363498001100e+00 7.145953454229041490e+00
-2.073225984948888545e+00 6.784370385611690146e+00
-2.125603289003693330e+00 7.994851500895489238e+00
-2.221735689864045682e+00 7.455970817370289438e+00
-2.096849219155418886e+00 6.428679763768553101e+00
-2.278536703806715025e+00 7.561930387946236287e+00
-2.082070968879498718e+00 6.000074358969738952e+00
-2.138733880839656099e+00 7.016623100231496046e+00
-2.119899851611029007e+00 7.415398475761704411e+00
-1.939928264837257554e+00 6.488628505061751817e+00
-2.121761476524935741e+00 7.244972762282855250e+00
-2.233223164512128545e+00 7.571418851357256230e+00
-2.113518655559247339e+00 7.628114007619799963e+00
-1.960019101718125878e+00 6.533362501775362929e+00
-2.189275360517928704e+00 7.589168092324984904e+00
-2.047211011728009566e+00 6.601506177387167718e+00
-2.160751958405604967e+00 7.754447407479646337e+00
-1.942161251120073207e+00 6.512810333594732271e+00
-2.123793598130420790e+00 7.443097679788625243e+00
-2.055178046316739504e+00 7.071670119855728132e+00
-1.937190321368555734e+00 6.061242435273337392e+00
-2.147496567839601411e+00 7.761413332215107985e+00
-2.148815694071695148e+00 7.284552703666694384e+00
-2.002468298754857212e+00 6.363422948155775138e+00
-2.210193782929172457e+00 7.047092660783579099e+00
-2.166795057547916237e+00 6.780161323228178105e+00
-2.038535940875284780e+00 6.770627119424209361e+00
-2.051930735215198975e+00 7.733955770105343852e+00
-2.233853909103049595e+00 7.278879319529214520e+00
-2.055103543254869880e+00 6.318889000045988524e+00
-2.056396425726164434e+00 6.136531566847233776e+00
-2.045184555694070205e+00 6.683423810127580467e+00
-2.246632247973881835e+00 6.831181855721956353e+00
-2.316367432683669847e+00 7.385910945330405930e+00
-2.125070565462614969e+00 6.266769149478675693e+00
-1.989244148631346798e+00 6.641703612933652856e+00
-2.127641362925893009e+00 7.020585886122654884e+00
-2.061947952338243351e+00 7.492766181083197807e+00
-1.983507659298579417e+00 6.649584773395934789e+00
-2.037346496575606292e+00 6.894092162478384189e+00
-2.162407920886713963e+00 7.370749562054326631e+00
-2.142273012222482453e+00 7.772440553877047797e+00
-2.082916341048838937e+00 7.374405781790795977e+00
-2.020497392803113357e+00 7.276054861264914742e+00
-2.092304260174125741e+00 7.067669107080614133e+00
-2.195667632462813934e+00 7.484291440024979813e+00
-2.106170479640846693e+00 7.544801604618012192e+00
-2.078426522917250274e+00 6.921434531314291760e+00
-2.186724194081353101e+00 7.489104276596667553e+00
-2.147518952788499025e+00 6.153863282698615933e+00
-2.032618041883138993e+00 6.875440437910072866e+00
-2.195097312349218566e+00 7.457889398774469214e+00
-2.136703856146636049e+00 7.509936526520348821e+00
-2.205878586800267716e+00 6.551963923359839015e+00
-2.146518674391295622e+00 7.179204100732244243e+00
-2.067859898887792092e+00 7.312693023189620334e+00
-2.055821933749018005e+00 6.985195311948692698e+00
-2.041204358610448466e+00 6.318072636612498627e+00
-2.074232653248134106e+00 7.480067859507121497e+00
-2.057700517055220502e+00 6.808222241166467015e+00
-2.143993857272399772e+00 6.663429577291809736e+00
-2.091954288504685788e+00 7.277481748416657403e+00
-2.014546789200052590e+00 6.453158114078519247e+00
-2.176130056368696053e+00 6.117595244838366142e+00
-2.091969935386366775e+00 7.514697279647263528e+00
-2.087121726823430556e+00 7.708522092141885551e+00
-2.149594722442369044e+00 6.354373103737114725e+00
-2.130448327407270526e+00 7.334669696364603197e+00
-1.981887553784869249e+00 6.076899264112011423e+00
-2.248432713478412115e+00 7.541748685817992737e+00
-2.043686412785555184e+00 6.416305753569702119e+00
-2.133137477473975530e+00 7.200022792982290198e+00
-2.112419758379270540e+00 6.241525723832328509e+00
-2.082882970223737473e+00 7.097123448976730309e+00
-2.263068890855096438e+00 7.919393171464092163e+00
-2.146859278410381489e+00 7.485524108270073640e+00
-2.165641023695485501e+00 7.220268033450809142e+00
-2.066660808741108912e+00 7.305217824691795592e+00
-1.975861928319405214e+00 6.793740901608182448e+00
-2.166046839474551788e+00 7.120163106982938750e+00
-2.118727434936582110e+00 7.570882288675881533e+00
-2.189729000218212374e+00 7.578190971989386071e+00
-2.183825875569926911e+00 6.449399599789664705e+00
-2.058356319898757114e+00 7.426388870848380286e+00
-2.103043256527054261e+00 7.814312073904116751e+00
-2.068480545908314205e+00 7.639505759398893758e+00
-1.961407737343256796e+00 6.374961111404496172e+00
-2.068447114795440633e+00 7.390332995127939064e+00
-2.020936486098787732e+00 7.289415152472508375e+00
-2.177617596250302601e+00 7.563787949721905157e+00
-2.065082591436880222e+00 6.536663728443230070e+00
-2.345559309845539175e+00 7.593645627556889544e+00
-2.081067802309126691e+00 6.445531709214360916e+00
-2.103589036796466694e+00 6.519358931894854159e+00
-2.203813030790214622e+00 7.438383221632768105e+00
-2.194484038167656248e+00 7.094207816143522471e+00
-2.116909066085004731e+00 7.514830769717923076e+00
-2.025334421025878573e+00 6.590681653041864152e+00
-2.046485924372189569e+00 6.552904201660885164e+00
-2.023343614874662411e+00 6.917301823282830497e+00
-1.998041655025750707e+00 6.760916569278816013e+00
-2.195266672448659140e+00 6.590516668371843245e+00
-2.060007414211439958e+00 7.728602563237020995e+00
-2.154442527469908164e+00 7.842856111882831271e+00
-2.195395402758219205e+00 7.021697569782746839e+00
-2.102316608928532116e+00 7.110787796245736203e+00
-2.185792012334374146e+00 7.284631112558177968e+00
-2.086521782818762105e+00 6.431937256908300427e+00
-2.150752022178077372e+00 6.991799976741438272e+00
-2.065393791489132269e+00 6.574293778197763949e+00
-2.061155844011307803e+00 7.964835678466573476e+00
-1.983581968760566916e+00 7.030648309182362610e+00
-2.046981505077857033e+00 7.271064448599431351e+00
-2.035470259262612824e+00 6.940713416406896208e+00
-2.144799897751044959e+00 7.168452355572718204e+00
-2.147111260553895118e+00 6.158501541659003209e+00
-2.069992923299523557e+00 6.221764516105663390e+00
-2.231618775586721615e+00 7.367307521309488294e+00
-2.106804247726735024e+00 6.212815546398196886e+00
-2.262438065429333900e+00 7.189114332540722963e+00
-2.121896224266014652e+00 7.076467874002050351e+00
-2.089312563418576740e+00 6.334648086692061142e+00
-2.198810184616406982e+00 7.823167917288494699e+00
-2.178835222441709796e+00 7.600580107513734696e+00
-2.134093059376628965e+00 6.586811767433954579e+00
-2.126532123222132142e+00 7.237589922121194341e+00
-2.103480929043402892e+00 7.483501813881630049e+00
-2.030218734644158030e+00 6.589063462661229664e+00
-2.147095695387287950e+00 7.109170412749285184e+00
-2.017881694861627384e+00 6.470712414489848463e+00
-2.064724603027533689e+00 6.447705987361525892e+00
-2.145156487419826341e+00 7.201157914970043983e+00
-2.316441431052413069e+00 7.376667490429725582e+00
-2.128187587403053804e+00 7.112779289410049444e+00
-2.155166968179994313e+00 7.590380215823631538e+00
-2.044914120190285622e+00 7.053610044550267411e+00
-2.076217874772402716e+00 7.090322348640585304e+00
-2.078949211136086994e+00 6.659364371275247052e+00
-2.162626041461265913e+00 7.541301265566072942e+00
-2.093170905743071852e+00 7.382186133748382062e+00
-2.164564023462856923e+00 7.285778696655846431e+00
-2.176662200807679248e+00 7.088719218262570898e+00
-2.022305892779070913e+00 6.391217557350256762e+00
-2.105537511340968670e+00 8.025585957377673552e+00
-1.969644492482428344e+00 5.985397169584550703e+00
-1.973671294129482501e+00 6.942974135000949509e+00
-2.141746678057923514e+00 7.340008545700765552e+00
-1.988386905182568665e+00 6.559451968908736497e+00
-2.018706762580407155e+00 6.655364834095649940e+00
-2.041799563405299445e+00 7.208805292584422375e+00
-2.170459976455477946e+00 8.074179523147599014e+00
-2.111426940389556250e+00 6.667830796880654276e+00
-2.065515129750831402e+00 6.211849177838926650e+00
-2.098034076145927518e+00 7.182021042320158699e+00
-2.154671089712318910e+00 7.842668771802996375e+00
-2.017461745443491772e+00 5.846772290686044649e+00
-2.177227087338852840e+00 7.653141994709418583e+00
-2.212415925557216223e+00 7.999525846405568075e+00
-1.959774367436674769e+00 6.552463258363483867e+00
-2.091903016585525243e+00 7.815295884936302784e+00
-2.210721856744331859e+00 7.336554156483198419e+00
-2.156145861572463129e+00 6.939631975009019627e+00
-2.064739280194047399e+00 6.448926721426887276e+00
-2.070109036119852419e+00 6.422546929694687989e+00
-2.074438545519429855e+00 7.099831280619694596e+00
-2.040599300056341825e+00 6.805200158884176176e+00
-2.162651175345223109e+00 7.066807277817053645e+00
-2.155232071328912369e+00 7.600471202343600297e+00
-2.019399452898785086e+00 7.303053015948580473e+00
-2.217012949575078107e+00 6.722230387482766467e+00
-2.041887406501756708e+00 7.375391610996094194e+00
-2.263679193072920981e+00 7.276084205399635962e+00
-2.106688021128833910e+00 6.736522636320122714e+00
-2.111458654548552527e+00 7.139466340291448887e+00
-2.155516730705246076e+00 7.502671168497173859e+00
-2.095502547980903074e+00 6.345618403530055573e+00
-2.140268043834852918e+00 6.714944437836914304e+00
-2.132312721212282103e+00 7.390604548664801321e+00
-2.164514873975103004e+00 7.819756446639254399e+00
-2.111761273901245684e+00 6.760716362371637977e+00
-2.210553782826239821e+00 7.398915792770605293e+00
-2.051564431450022319e+00 6.700259726016064121e+00
-2.031824251988008534e+00 6.185002818130947766e+00
-2.067385877082855039e+00 7.437222237780429346e+00
-2.105083075711760010e+00 7.641802682813961134e+00
-2.071782361889100255e+00 6.857791935788317694e+00
-2.191585000890898804e+00 7.632436029901783492e+00
-2.104353628064307813e+00 7.014716413123252003e+00
-2.040640564683326996e+00 6.475785653377577056e+00
-2.168503989567225787e+00 7.256147830646447083e+00
-2.199151184600954601e+00 8.158556999769430718e+00
-2.130381534086106754e+00 6.975479811394621699e+00
-2.016160415491262015e+00 6.600402482776554614e+00
-1.893422219324307099e+00 6.361969565222641343e+00
-2.069229620002866810e+00 7.199584737773370158e+00
-2.102939039315953718e+00 7.847644725439380409e+00
-2.105425471803908266e+00 6.875258793006267410e+00
-2.166068316301376750e+00 7.654921909629260668e+00
-2.257017403901242059e+00 7.784309821331490298e+00
-2.191359412337012813e+00 7.340514789589673406e+00
-2.071847319760682815e+00 6.446499565847742197e+00
-2.096679706248682162e+00 7.524484568708724730e+00
-2.109045266687013864e+00 7.437711343458739854e+00
-2.241272054248358181e+00 7.022606697042948376e+00
-2.194612377352853194e+00 7.792460427342589924e+00
-2.104737667546932922e+00 6.976791838183603822e+00
-2.085796716489706881e+00 7.207681185519220435e+00
-2.089546038458097943e+00 7.023095333827854780e+00
-2.077657674324518755e+00 6.278210568571722661e+00
-2.230764969085130556e+00 7.639402353011670144e+00
-2.211404848043489135e+00 7.391868510358678535e+00
-2.197702842701438453e+00 6.568766604123505992e+00
-2.236636321577289532e+00 7.110755377057902393e+00
-2.146848648816820582e+00 6.622212132531077877e+00
-2.123496477976293040e+00 7.538164603235554928e+00
-2.072911052235483442e+00 7.071237484442933763e+00
-2.071507877208869530e+00 6.705117897429420992e+00
-2.111849099500150206e+00 6.752899066341226941e+00
-2.179381847017725526e+00 7.287921587264031942e+00
-2.159855498595574463e+00 7.385427562952633807e+00
-2.034439029736379911e+00 6.703882132015237083e+00
-2.183775529424615502e+00 7.144422462534939733e+00
-2.017788866772937340e+00 6.267741202337978379e+00
-2.033242201092227308e+00 6.463290118016123742e+00
-2.236339513305249049e+00 7.493220100062631950e+00
-2.192725592912860844e+00 6.657997697660397840e+00
-2.024922927023172559e+00 7.684425404475147658e+00
-2.073859424605620561e+00 7.175617802425374947e+00
-2.060360942153165897e+00 6.933193751219575596e+00
-2.137760676897691337e+00 7.403036804075254551e+00
-2.061865964403112539e+00 7.489121353465264086e+00
-2.148648090377111686e+00 7.103420827845464913e+00
-2.000420211419688066e+00 6.191567048398411544e+00
-1.977325087476729415e+00 6.489191712363140851e+00
-2.114330047026384829e+00 7.955153671496447920e+00
-2.177809313837737903e+00 8.034626170703836223e+00
-2.174757336461682122e+00 7.686537090003578321e+00
-2.032251270807094112e+00 6.317509119411560015e+00
-2.020739997772599494e+00 7.422953478352596335e+00
-2.073917509099282075e+00 7.264912047855878185e+00
-2.169710649007779768e+00 7.875316360786985825e+00
-2.016884566768993636e+00 6.760466713090245605e+00
-2.148532979904020035e+00 7.647404863828249688e+00
-2.167484442398492028e+00 8.052163142378702787e+00
-2.054716194777586491e+00 7.288013528434782451e+00
-2.073555670838806986e+00 7.078837140237943970e+00
-2.132078070562336336e+00 6.839931948504326620e+00
-2.222105161530940620e+00 7.799793081660522986e+00
-2.208398858737342429e+00 7.378944272451350095e+00
-2.129436666892825958e+00 7.104919272735586766e+00
-2.005583225160116001e+00 7.713349043471278144e+00
-2.209332289927917525e+00 7.216828843889806500e+00
-2.045145290579842623e+00 7.445588528176713794e+00
-2.029496083786828109e+00 5.944998467881632109e+00
-2.127761377973489409e+00 6.698749148304925072e+00
-2.009506383607531532e+00 7.114186439687990138e+00
-2.174644381722652398e+00 7.453286352470849252e+00
-2.170041393264908525e+00 7.583081665281835804e+00
-2.037588638438162292e+00 6.792065734971278523e+00
-2.153668763073142145e+00 7.668053012842349858e+00
-2.159605684500692568e+00 7.754037221006442770e+00
-2.170776443968321701e+00 7.293701954877891858e+00
-1.914180601378117075e+00 6.199184412094797203e+00
-2.050489959574514742e+00 5.807024585489061863e+00
-1.967123397611692637e+00 6.479284848119513107e+00
-2.073395193131450487e+00 6.423996309292984819e+00
-2.030021076543201186e+00 6.409604157251395762e+00
-2.088947764682582253e+00 7.840481002492416529e+00
-2.151014562354377269e+00 7.809846831844749815e+00
-2.095646981510791207e+00 6.715255477108886595e+00
-2.106583200061213468e+00 6.665595598778078390e+00
-2.295689319623080316e+00 7.954457373046957436e+00
-2.067500914281420688e+00 7.020343786252224660e+00
-2.194590946029080669e+00 6.254683273880138117e+00
-2.205649531859665835e+00 7.433559208263912588e+00
-2.247153962396303495e+00 7.243243399237776714e+00
-2.014443260268506730e+00 7.124886472210688382e+00
-2.149202326403414354e+00 7.409257310341916813e+00
-2.143618438515042968e+00 7.799025540511966170e+00
-2.093439730475716409e+00 6.209804359575457511e+00
-2.073847799987578622e+00 7.790153632116849636e+00
-2.187258764629489427e+00 7.783996527497835771e+00
-2.195928795257108490e+00 7.420678535198318215e+00
-2.135936302358358407e+00 7.385526288964618935e+00
-2.191526857709844123e+00 7.772783588366820595e+00
-2.099033176256889011e+00 6.531497457936426443e+00
-2.038190323760242784e+00 7.013891182185497897e+00
-1.997413742556840788e+00 7.014483514909558792e+00
-2.046277731760659080e+00 6.698512901799767327e+00
-2.099259412680878345e+00 7.367333730702315009e+00
-2.131851408979567708e+00 7.082903652164040942e+00
-2.279559001608429281e+00 7.747911356941920680e+00
-2.139772649969531759e+00 6.863102990060602870e+00
-2.019729662141154680e+00 7.382514264457029185e+00
-1.983939719177706396e+00 6.341453781796945854e+00
-2.134915322573119223e+00 6.998330382879063727e+00
-2.007052887936595642e+00 6.689666430382408713e+00
-2.160860593804572627e+00 6.305862783696230878e+00
-2.154827865309878021e+00 7.517545503480877578e+00
-2.212928373023985706e+00 6.765206533940611777e+00
-2.069136604991864470e+00 6.272989158635158269e+00
-2.050485343095291846e+00 6.643691136206214765e+00
-2.047000089082627650e+00 6.893706343678945636e+00
-1.871301813255443536e+00 6.038177550842148023e+00
-2.022027597585221770e+00 7.253423469860681649e+00
-1.977985934162926673e+00 6.232555894371913041e+00
-2.180974508060188999e+00 7.820307213471958896e+00
-2.046294595667868421e+00 7.013733914252462398e+00
-1.996695485917137969e+00 7.034780170869832538e+00
-2.258397924538050106e+00 7.766986366924797380e+00
-2.085812245819687494e+00 7.645463385663968658e+00
-2.182314871147641000e+00 7.013012385451948383e+00
-2.273369195552167987e+00 7.915228090879416811e+00
-2.159895652574403968e+00 6.881047164091800283e+00
-2.172012207731634170e+00 6.589238994100922397e+00
-2.176960666365013619e+00 7.819296818601798371e+00
-2.189059444631756612e+00 7.160380624015771467e+00
-2.206020720664767953e+00 7.521486508636481716e+00
-2.263365999058202682e+00 7.472050478954056274e+00
-2.153321048899341505e+00 6.671642309208730026e+00
-2.080175118484931751e+00 6.861479271991805184e+00
-1.927898748402273821e+00 6.177515795605023285e+00
-2.053165469512415076e+00 6.604919515331762803e+00
-1.996225064011218242e+00 7.255835705722030404e+00
-2.216926131763506280e+00 7.975124596481657946e+00
-2.122116655163305499e+00 6.846652185296471238e+00
-2.068810013495741451e+00 7.737062865207775531e+00
-1.976585091182630594e+00 6.834449779051289475e+00
-2.086635457231121205e+00 7.461388062733684379e+00
-2.130204921761607473e+00 6.789839751050379846e+00
-1.993589001868963928e+00 6.899553046788740041e+00
-2.067543910974305454e+00 6.609050812226600513e+00
-2.208653219295872550e+00 6.839879325655788378e+00
-2.187704553177805433e+00 7.146091324747790630e+00
-1.997913377428516490e+00 6.486079917185533006e+00
-2.149099461868201555e+00 7.363764087141646542e+00
-2.186621665890475352e+00 7.813594968160147758e+00
-2.009510780584277345e+00 7.446600261324113568e+00
-2.225199963568368133e+00 6.739557116719034902e+00
-2.235739195010501223e+00 7.413209758450122422e+00
-2.127531740214300804e+00 7.548792625778499854e+00
-2.178736131280907706e+00 7.874138566332547384e+00
-2.119097047849943127e+00 6.582133393443434066e+00
-2.117322779678636913e+00 7.101220174575781918e+00
-1.930293267659878076e+00 6.224188251587087883e+00
-2.240969125838275566e+00 7.511192270514780667e+00
-2.049103052143076642e+00 7.374595481610284331e+00
-1.988112331888860496e+00 7.704191775535851328e+00
-2.145538276664002098e+00 7.583025721772410854e+00
-2.128089121209717938e+00 7.072151412214936705e+00
-2.001624048781094345e+00 6.698192209849149314e+00
-2.176577719370614172e+00 7.917114245251940297e+00
-2.010736292773565914e+00 6.226624324274538047e+00
-2.197410869962787672e+00 7.530674522885331790e+00
-2.169165505582634879e+00 6.118918498126283190e+00
-2.164326375208466047e+00 6.786153336058822205e+00
-2.025310128674278953e+00 5.988556107384163774e+00
-2.143420669249810562e+00 7.395038214968338686e+00
-2.071404302108546425e+00 6.432832980764557007e+00
-2.200164517889285687e+00 7.808156037364124558e+00
-2.184252650408345708e+00 6.477006162496342867e+00
-2.061661106507719055e+00 6.109187317402200001e+00
-2.020713667699113092e+00 6.390000169679383113e+00
-2.193577658755477611e+00 6.249819422690147341e+00
-2.052656059140491873e+00 7.115933911596057371e+00
-2.056682740744371074e+00 7.039081800922745380e+00
-2.054948644766668053e+00 6.853867009495685281e+00
-2.114293997085040733e+00 6.831921732266749814e+00
-2.150023462209375680e+00 7.150145013911332725e+00
-2.085709920245295557e+00 6.760112353751646985e+00
-2.127852709513384344e+00 8.090342533938230218e+00
-2.144674325704113649e+00 6.770831182872749210e+00
-2.167266312515378157e+00 7.199147760269171137e+00
-2.117491966165865769e+00 6.562605282540316054e+00
-2.149043137516783997e+00 7.218914740572486721e+00
-2.062373714702720573e+00 6.369454105597484705e+00
-2.048760515239226976e+00 6.172821772909395932e+00
-2.119225406917430998e+00 7.980140284327742251e+00
-2.158539627386744986e+00 6.597334127229813383e+00
-2.282028356522971091e+00 6.997905873294066659e+00
-2.091598398571226536e+00 6.670590111440068526e+00
-2.236778121122770635e+00 7.531089981513675369e+00
-2.044271730219823002e+00 6.729171295432043287e+00
-1.839976505432993070e+00 6.225869919497876381e+00
-2.101198908125133880e+00 6.995164411905238744e+00
-2.109719654510067599e+00 7.530833536493943825e+00
-2.108773253976981010e+00 7.215636691443649831e+00
-2.069063886377056960e+00 7.786697812271249575e+00
-2.027412461494757068e+00 6.666809347824019127e+00
-2.057325764282811331e+00 7.451807480012467622e+00
-2.148390522670126757e+00 7.545241236042021349e+00
-1.996561813797175455e+00 7.388710890965344724e+00
-2.099116094436929369e+00 7.221691704940776724e+00
-2.141732306541447972e+00 7.422606670759057224e+00
-2.158635236278810599e+00 6.796479188847484920e+00
-2.028188691451613845e+00 7.105731708989082129e+00
-2.201897638748841146e+00 7.468331808761516477e+00
-2.195100438761993455e+00 7.984007170579782375e+00
-2.153428664631536815e+00 6.737108842288502153e+00
-2.162571369323613713e+00 7.197253209780399175e+00
-2.185910510833507292e+00 7.619177184934288860e+00
-2.157311657216510081e+00 6.172537594107937231e+00
-2.029792530078854629e+00 6.580957909070849432e+00
-2.009357969960546164e+00 6.486046987267363839e+00
-2.203451816063404234e+00 7.231482265863641068e+00
-1.978727221501989986e+00 6.909731579296961357e+00
-2.102734758104077617e+00 7.811455112032723136e+00
-1.968785112353148570e+00 7.038894906837890098e+00
-2.165085774027879495e+00 7.011628512621875586e+00
-2.057761811267026619e+00 6.361772233333466531e+00
-2.125743593487262828e+00 7.717668793158072305e+00
-2.079883192400482361e+00 6.748503855603021684e+00
-2.010809388744055237e+00 6.150238448726526030e+00
-2.025493118493580269e+00 6.426830482591444849e+00
-2.144525665032060324e+00 7.216668275663375987e+00
-2.208784713913660269e+00 7.578803584364877999e+00
-2.102028067290523605e+00 7.461908911963559099e+00
-2.209605643346387538e+00 7.747166739983850192e+00
-2.064094818187323099e+00 6.915724304228748842e+00
-2.162025777206007415e+00 7.385569795958346617e+00
-2.247564679795793108e+00 7.315109758885532720e+00
-2.168184803756565415e+00 6.642363433714342236e+00
-2.265665487950835999e+00 7.638865728041674075e+00
-2.061761803635532075e+00 7.556720957297045516e+00
-2.154137598827968514e+00 7.502790490323761219e+00
-2.055968911247556097e+00 7.449201174290745797e+00
-2.214417026896517537e+00 7.799294129116256080e+00
-2.185828826096630095e+00 7.447864525080158948e+00
-1.918943303614951468e+00 6.283995985323774569e+00
