-2.020483301792702413e+00 7.210989347542685834e+00
-1.968981318196143526e+00 6.560282099684258128e+00
-2.182200600321242412e+00 6.662243767994952215e+00
-2.099082458624321301e+00 7.514400883700789180e+00
-2.246613767856936672e+00 8.775631065318870938e+00
-2.118912209811106617e+00 8.009522209843185081e+00
-1.847498323104415530e+00 6.767740395417304100e+00
-2.182085148484449899e+00 7.278922786673988732e+00
-2.114269866128675623e+00 6.197967826655542467e+00
-2.123917381465531218e+00 8.440914617804621045e+00
-1.940948819184118657e+00 6.317032986951774731e+00
-2.038019555035395669e+00 7.780243317181267493e+00
-2.169362932837199942e+00 7.100306153080766514e+00
-1.879684206932881185e+00 7.087349725333636385e+00
-2.017970299611358875e+00 7.482646829999567650e+00
-2.158551208775572494e+00 8.235762177880472379e+00
-2.072087794257462701e+00 7.235344676038861778e+00
-2.052052224379471657e+00 8.027751417251998589e+00
-2.020366523574955053e+00 6.634052209925536125e+00
-2.370412022563141097e+00 7.892222744691605563e+00
-2.148618089040796431e+00 7.569654116432847246e+00
-2.315627882353496592e+00 7.857545687261892731e+00
-2.009110141490628720e+00 8.493528418751983722e+00
-2.217430040496208399e+00 7.040091175890437647e+00
-2.064345034502784948e+00 6.570450194041420389e+00
-2.153980283395888762e+00 8.951710222674622131e+00
-2.080073168667486261e+00 8.125572141405621451e+00
-2.323754759993878150e+00 7.473522520568897320e+00
-2.101060815087322897e+00 6.613552564935094580e+00
-2.031095922169162016e+00 6.616162642577380737e+00
-2.133028342431320112e+00 7.864494490586767306e+00
-2.193828443352010105e+00 7.587618713945296633e+00
-2.440532808090472905e+00 7.916452220149261976e+00
-2.004349603674949520e+00 7.455590033743567879e+00
-2.079648076752116381e+00 6.155006803450675079e+00
-2.174349932493000459e+00 8.099760099530666224e+00
-2.009201255248430851e+00 7.727528462298381307e+00
-2.277187048711514006e+00 7.543642463003225274e+00
-1.948787489232101544e+00 7.195588321119180897e+00
-2.316960358546782395e+00 7.289137132261415353e+00
-1.973141003866399457e+00 7.768572762994645053e+00
-2.117156153397103946e+00 6.879696454859604238e+00
-2.176384205399135574e+00 7.955408939421305448e+00
-2.086190622126157024e+00 7.490981798750410370e+00
-2.210807928167547232e+00 7.162358332975641062e+00
-2.286500464016059109e+00 6.558431713072702784e+00
-2.069808725364330027e+00 7.692770509827093761e+00
-1.906158614836084064e+00 6.606016454809227056e+00
-1.860726444729458029e+00 6.593155534774527204e+00
-2.061545363801453590e+00 6.538001528757231284e+00
-2.002068855284515170e+00 7.197585700495419125e+00
-2.180495958407808299e+00 7.036956732045524632e+00
-2.166089163301686327e+00 8.035726135288291161e+00
-2.296642155303621369e+00 8.198438958147038491e+00
-2.111429927716634847e+00 7.738780463189951497e+00
-2.087576653408339755e+00 7.915648889006984490e+00
-2.014922613045756261e+00 7.396012425332836315e+00
-1.922661735591167043e+00 7.968926324219632207e+00
-2.187699989151553837e+00 7.304379623040314407e+00
-2.074484237576032619e+00 7.223850935945188567e+00
-2.082663584030912229e+00 8.056300427786343477e+00
-2.177781569942280449e+00 7.873339634770885276e+00
-2.027388322639176899e+00 7.498075616665078158e+00
-2.205346574857649955e+00 8.192838500086367048e+00
-1.770221929522575621e+00 6.896715663861643364e+00
-2.365786143407801134e+00 7.114361929908953108e+00
-2.142896790433960863e+00 7.082028847893417911e+00
-2.177104101722082685e+00 8.543210415448033501e+00
-2.032383602316517379e+00 7.570757550704552585e+00
-2.232772565346401006e+00 8.129759300015448886e+00
-1.972921691591591253e+00 7.024770500416510188e+00
-2.131550185359796679e+00 6.889889420338773718e+00
-1.918212598882593989e+00 7.165569218423047282e+00
-2.184961641428968093e+00 7.277277762008446338e+00
-2.172746695653536619e+00 7.630928029857862782e+00
-2.069415583996141450e+00 7.440497077008202176e+00
-2.206932362805618109e+00 7.127090772217377967e+00
-2.067443903708531927e+00 6.968688457315812101e+00
-2.037681879254424455e+00 7.237757169228387077e+00
-2.067288429275384143e+00 8.511538635535103481e+00
-2.264773570373015854e+00 8.996822871670485000e+00
-2.238496962248933020e+00 7.734192982560911922e+00
-1.842716528824679845e+00 6.548228063954439016e+00
-1.926712139443137684e+00 6.890022640660721898e+00
-2.167827306667404752e+00 6.481222818116748385e+00
-1.989310700006391208e+00 8.759805219728157510e+00
-2.306460065470365972e+00 8.091187342632970569e+00
-2.189922904096569756e+00 7.360929201693068080e+00
-2.252520557888247676e+00 8.371781549973199787e+00
-2.139855592379514615e+00 6.816349431677876325e+00
-2.010550159049781183e+00 6.428498614673091360e+00
-2.121499952650891974e+00 7.386899302698541447e+00
-1.973108965407621707e+00 7.824904514430009783e+00
-2.072181001602028783e+00 8.168198448130068456e+00
-2.226730234144719933e+00 8.039223028217291400e+00
-2.161684949324783389e+00 7.858038673344265312e+00
-2.000163493741060616e+00 7.810891399766512144e+00
-2.272646577314931360e+00 7.850713767478387339e+00
-2.007063694798433495e+00 7.731709503016480411e+00
-2.245550795273195455e+00 8.195310642645560861e+00
-1.879698363210258849e+00 7.311869754530923693e+00
-2.162627858556880334e+00 7.996982929416446950e+00
-2.041887515351758609e+00 6.045101638954911039e+00
-1.906804739259736481e+00 6.595114872699978648e+00
-2.140454476882868384e+00 8.203407102063547285e+00
-2.109630702924885082e+00 7.119479547366761807e+00
-1.935145955473982049e+00 6.579684311933446494e+00
-2.219975296313666746e+00 7.451894082102054284e+00
-2.125152576936928828e+00 6.234219401834080188e+00
-1.912831943161686921e+00 6.207198992725006192e+00
-2.017835825198013744e+00 8.191723113519358890e+00
-2.172054871848394075e+00 6.340978546037082886e+00
-2.140561166469408860e+00 7.304297685993216938e+00
-2.090660229115867796e+00 7.134738613886129954e+00
-1.952992185015349547e+00 6.877577701750073658e+00
-2.296897985856058089e+00 6.752498570417760249e+00
-2.197729634335864546e+00 7.262766523615642456e+00
-2.222262926278118389e+00 7.007252325632496337e+00
-1.900268002473236795e+00 7.415574835567395162e+00
-2.241431612219858760e+00 7.397841402235266983e+00
-2.075908174545170404e+00 8.460335886182010157e+00
-1.918634089993762615e+00 7.410815209553734739e+00
-2.011993941933680752e+00 7.128905073117975277e+00
-2.099298395911228798e+00 8.421333111944978356e+00
-2.124522340335938786e+00 7.535095700843489119e+00
-1.976254701428074911e+00 7.532261711168862561e+00
-1.955196373558783618e+00 7.887019852235911621e+00
-2.023254356445084223e+00 6.867981850501147179e+00
-2.157564359868021864e+00 8.265569676997692738e+00
-2.142832040726752041e+00 8.820566621149477982e+00
-2.170433958789125484e+00 8.003721567062617837e+00
-2.222534524361627906e+00 8.423478785393291091e+00
-2.168740192493980423e+00 7.575632856994736208e+00
-1.932163393824401387e+00 7.130804729873943870e+00
-2.192820713088095896e+00 8.158697346012532492e+00
-2.072609328312564170e+00 8.538885699546906238e+00
-2.136656036835983485e+00 6.522206100339180246e+00
-2.164438066370512725e+00 7.759145090161205793e+00
-2.002568222421196253e+00 7.657021057971236111e+00
-1.919860922383645807e+00 6.132707723832647950e+00
-1.985362667190126107e+00 6.999571874642140479e+00
-1.976465830267970736e+00 7.686288610900080087e+00
-2.112745741246302433e+00 7.435815269657026327e+00
-2.171559455864393140e+00 7.124159768783509428e+00
-2.066029081937398537e+00 6.871583479446975673e+00
-1.947075032358536628e+00 6.913845287238168602e+00
-2.288820894818087925e+00 6.631798157419869888e+00
-2.050068505556365217e+00 8.156215230194941768e+00
-2.115620299526695280e+00 8.384039225357916791e+00
-2.096757597324676592e+00 6.907141540157258675e+00
-2.148884124376959637e+00 7.999563191136020102e+00
-1.840981601773621801e+00 6.829268581624036827e+00
-2.293556391442720610e+00 7.765655582096332665e+00
-2.056212774674259336e+00 7.396805675195855301e+00
-2.097985891273352443e+00 7.506478889023028067e+00
-2.077948779503671073e+00 7.091037649698955114e+00
-1.921935176280068269e+00 6.826754486412053069e+00
-2.210571455168597765e+00 8.405127950837009365e+00
-2.050249805542999404e+00 8.245577394750782219e+00
-2.200523602974104431e+00 7.667480355823402149e+00
-1.919668806679531325e+00 7.941953284704529992e+00
-1.908407240181781095e+00 7.622427840706199831e+00
-2.102383793945837631e+00 6.431458803513806721e+00
-2.176017243153318237e+00 8.678683304231810780e+00
-2.241235014509644685e+00 8.166938683605666327e+00
-2.239485158938536724e+00 7.173461761407223136e+00
-2.035515028290674877e+00 7.444195658368686352e+00
-2.100362995269311028e+00 8.137184034139366418e+00
-1.881595497547047913e+00 7.718952225311756621e+00
-1.958713505945077316e+00 6.762653097570613170e+00
-1.968526091576449755e+00 7.675446614046568250e+00
-1.845461510149825068e+00 7.315229520778941286e+00
-2.297315530101138314e+00 8.617209111532257992e+00
-2.195186919992188290e+00 7.776189549397364509e+00
-2.452225337047440501e+00 8.068731058390028466e+00
-2.138648651520107524e+00 7.089416891962677880e+00
-2.028149041956825993e+00 6.823679967349933762e+00
-2.305640527376556115e+00 7.588107240173848744e+00
-2.085543843212653847e+00 7.135677838909139759e+00
-2.065082964677327215e+00 8.015640728642749124e+00
-2.083637389157513731e+00 6.974679376142310261e+00
-1.889517710776034809e+00 6.835669900007014022e+00
-1.964540680435465259e+00 7.810035198899880626e+00
-1.991246637561443045e+00 7.285213541177687269e+00
-2.177814972247659409e+00 5.763768755602377780e+00
-2.047524153549201031e+00 8.461720476325073292e+00
-2.183774637398402163e+00 8.106741249451561160e+00
-2.240770610779592165e+00 7.222055456969738607e+00
-2.099449924072119611e+00 7.773526862887305100e+00
-2.216523915199913208e+00 8.066093599098511646e+00
-2.248479076472224669e+00 7.810193233965894599e+00
-2.278915558650629336e+00 6.607198852211630502e+00
-2.092751519170167551e+00 7.403211441579234275e+00
-1.961009723764205681e+00 8.303729317197033666e+00
-1.833273023114287970e+00 6.441765102914212449e+00
-2.020338764800531095e+00 7.983662897433183581e+00
-1.949385332208807942e+00 6.666622996898493803e+00
-2.126852566833574709e+00 7.835771331131109463e+00
-2.250018493578171963e+00 6.938782472653652000e+00
-2.111705854948812799e+00 7.074689853199883416e+00
-2.241500804342970721e+00 8.095476195650599394e+00
-2.273655162667890917e+00 7.278529519123225100e+00
-2.400320559949462140e+00 7.714342515717597770e+00
-2.102742150374131480e+00 7.382600594172867403e+00
-2.209377323270336646e+00 7.659702485295460050e+00
-2.173929877052987791e+00 7.893600503988537298e+00
-2.241934374942131214e+00 7.752385657186483314e+00
-2.165005058984549535e+00 6.537436361600014401e+00
-2.152623981937040742e+00 7.010550164261488248e+00
-2.051086527915479074e+00 7.452882416574777125e+00
-2.113551643946582903e+00 7.729009384679844885e+00
-2.098715011920003537e+00 6.706661940032474511e+00
-2.014559785993082386e+00 7.374133229486012020e+00
-2.085714961440365389e+00 7.200391044240503469e+00
-2.012125797439443087e+00 7.558486201946200467e+00
-2.320605127100901388e+00 8.459779113037335208e+00
-2.026899971226278296e+00 7.159895152351335668e+00
-2.174286844304322841e+00 7.400287554711165505e+00
-1.895533663785644585e+00 6.388121360494825929e+00
-2.070971401702701442e+00 7.465396239739098938e+00
-2.155863755819013239e+00 7.817777214606313585e+00
-2.023120268136212818e+00 8.206390364991420938e+00
-2.060322675256700098e+00 7.834305132589934217e+00
-2.254193864636802935e+00 7.490634033357880917e+00
-2.278342613062921185e+00 6.784722126728414793e+00
-2.092954358695937600e+00 7.751381983432954037e+00
-2.097086306382590415e+00 8.629388440617010048e+00
-2.019534093006930320e+00 6.595511335538551734e+00
-1.860364573189286830e+00 7.181839219809529773e+00
-2.143024493128060204e+00 7.789318643300009448e+00
-2.035111579441964746e+00 7.389149940810116668e+00
-1.963683700305232094e+00 7.278882600384959822e+00
-1.939869079699117593e+00 7.541917593655877106e+00
-2.134423791060865216e+00 8.612914893629293189e+00
-2.080738932865098256e+00 6.152968771707384654e+00
-2.102742279454795415e+00 6.371943127576199295e+00
-2.148860637277106189e+00 7.756003680809746115e+00
-2.177512733366772757e+00 8.405042528519773626e+00
-2.141434567955258217e+00 6.647682404683626700e+00
-2.156917400340105928e+00 8.353172703320961290e+00
-2.163829769310988027e+00 8.173659289526721494e+00
-1.896203171939091270e+00 7.664496308554512360e+00
-1.978857256802299958e+00 8.076446524833349017e+00
-2.399689883989246653e+00 7.944259809981448761e+00
-2.114623485603048358e+00 6.925554279895172805e+00
-2.315803171105240477e+00 7.675530249704533681e+00
-2.161853445271189056e+00 7.328544524970006080e+00
-2.224579910964515683e+00 7.707866839349147625e+00
-1.997177933636631542e+00 7.493509477973569588e+00
-2.131271149992186587e+00 7.631069370883786007e+00
-2.229051226528187435e+00 8.206248107861112473e+00
-1.966425083918037275e+00 7.355363978983293194e+00
-2.316431592855154875e+00 6.728220362684180778e+00
-1.918477368319625231e+00 7.140346613331076675e+00
-2.373653425941009587e+00 6.767073370575671376e+00
-2.014913319302137129e+00 6.725930486243464124e+00
-2.223777542384920203e+00 7.139624429338741862e+00
-2.208565473640082821e+00 8.233601387826764650e+00
-2.111775610116729762e+00 7.244108506815026161e+00
-2.084435174151844095e+00 7.090506608541087274e+00
-2.076081413744136572e+00 7.789919555742137014e+00
-2.075644275396381744e+00 8.327661206717920095e+00
-2.019517727033379284e+00 6.413883048258566255e+00
-2.167200851454239352e+00 7.493422608996116452e+00
-2.059735057897906785e+00 6.336612977070235075e+00
-2.223072837801747248e+00 6.807685125525464009e+00
-2.067534264972707536e+00 8.070525039486682317e+00
-1.987053691738024375e+00 8.008138712346074328e+00
-2.016016788254154424e+00 7.747578984330314000e+00
-2.082117841749129283e+00 8.399271837592880985e+00
-2.016657948290555336e+00 7.215322415313807802e+00
-2.020277340165637536e+00 7.431363340640767312e+00
-2.128815953490902579e+00 7.165562852018468654e+00
-2.232810581772108005e+00 8.385956679456796792e+00
-1.981727777828704795e+00 7.160096201549519535e+00
-1.920782236884297056e+00 6.399074230402370667e+00
-1.830339936820668756e+00 6.771229860335163941e+00
-1.927440928150890409e+00 6.079442632107504352e+00
-2.100207856084472358e+00 8.145103088074792552e+00
-2.090141908835691620e+00 6.737313865795970358e+00
-2.218456192303432939e+00 8.714250636095226099e+00
-2.309089641916913127e+00 8.297827007001480126e+00
-2.234447450540555824e+00 8.181787274452586800e+00
-2.007764225292820726e+00 6.705380959012246400e+00
-2.032745021499861249e+00 7.529669131121448977e+00
-2.093998154897975805e+00 7.926735915824390410e+00
-2.352896011157119105e+00 7.276528320216589130e+00
-2.273562967580747163e+00 7.922313048048425621e+00
-2.025570500012856989e+00 6.477667641816425181e+00
-2.128679338150128775e+00 7.654091268380134316e+00
-1.908102436028719318e+00 6.521129859291034059e+00
-2.186732153989365379e+00 6.495566692712491097e+00
-2.297015991767073828e+00 8.233870873159000681e+00
-2.159121144701326322e+00 7.796559919058549504e+00
-2.174364000377676298e+00 6.042112037059788499e+00
-2.203143253008825297e+00 7.331061285392143745e+00
-2.126708700829848642e+00 7.908342759250500009e+00
-2.151848841481432739e+00 7.899073627435261535e+00
-2.052799164982255675e+00 7.062045365249683293e+00
-1.986229080503831179e+00 7.039048761870629001e+00
-2.091171299818226359e+00 6.760468775432886268e+00
-2.157987469443798378e+00 7.864952626397301749e+00
-2.138927542140272475e+00 7.708454675315857152e+00
-1.903462155117016108e+00 7.083917375487742696e+00
-2.030795551016461697e+00 6.713433865603444239e+00
-2.126199780770381409e+00 7.827929358798374260e+00
-2.036811520846636192e+00 7.082460396891174348e+00
-2.276509116262468879e+00 7.899312861244959905e+00
-2.178848258024717488e+00 7.221118853872442678e+00
-1.967529649597407060e+00 8.095955754084782185e+00
-2.018696311450645986e+00 7.538715068245647188e+00
-1.954671012686572729e+00 6.925740750868365936e+00
-2.160941099796055198e+00 8.162674391746547187e+00
-2.038007828741219551e+00 7.605288067657836493e+00
-2.167659525774221496e+00 7.455246135865507995e+00
-1.929931016419262457e+00 6.596314248500311450e+00
-1.984099813303276116e+00 6.898213755952730786e+00
-2.043957221949689540e+00 8.153315135682598580e+00
-2.135329137439377689e+00 7.679736851193785796e+00
-2.161403272566294831e+00 8.295167897906688736e+00
-2.138763960160828592e+00 7.360708858424416690e+00
-1.897385495858812332e+00 7.608128579203875752e+00
-2.022523473319813636e+00 7.163155967795191259e+00
-2.022830374165831113e+00 8.380440247212506577e+00
-1.928886074892779190e+00 6.886078277571102468e+00
-2.088707524232427559e+00 7.537287457507589217e+00
-2.343709918521904356e+00 8.289525959705928315e+00
-2.133336429140285873e+00 8.320484326806989017e+00
-2.141786024567843505e+00 6.974373766997783441e+00
-2.154685722942430104e+00 7.477631589071635609e+00
-2.182023995137202466e+00 8.243740126801474943e+00
-2.229448771591791445e+00 7.461595629724143919e+00
-2.099685865267547857e+00 7.264919089758786974e+00
-1.922756120309282668e+00 7.981637335781864628e+00
-2.154296875940324707e+00 7.677521294488233394e+00
-1.930537309571366267e+00 6.762785826943120249e+00
-1.930528302287906062e+00 6.391922797153839930e+00
-2.042208985711318370e+00 6.091999551818968683e+00
-2.049914225462643902e+00 7.704420196920066743e+00
-2.282076433224450529e+00 8.327285040693578111e+00
-2.128621875277008080e+00 7.992231967153908379e+00
-1.946329967885655821e+00 5.986252771825168573e+00
-2.253072974789140037e+00 8.116710761158227427e+00
-2.276845124053762603e+00 8.592288189755148409e+00
-2.240182519028965924e+00 8.033631994683092969e+00
-1.876753755409298563e+00 7.077462613108314038e+00
-2.257950444361873643e+00 6.698384325880403445e+00
-2.071713378990376331e+00 7.872638499609410090e+00
-2.224154765157380975e+00 7.331668580550460668e+00
-1.978676175302342966e+00 6.096844843581932238e+00
-1.945040411181013562e+00 7.185238727753435306e+00
-2.052717942847940069e+00 8.402754507256101846e+00
-2.090352793415900301e+00 6.977479395760432190e+00
-2.210992956526514508e+00 7.053999219083475047e+00
-2.371058679157894478e+00 7.717492297038568871e+00
-2.103469759642471626e+00 7.313944940840165110e+00
-2.354847708075452850e+00 6.739074782517192830e+00
-2.163486935388748034e+00 8.217348371810633267e+00
-2.291879342196796010e+00 7.320552025625734593e+00
-1.939982242849933813e+00 8.049701184413681432e+00
-2.062664736480921412e+00 7.749179558040803606e+00
-2.168565856290302740e+00 8.956596277544988993e+00
-2.312361591972201147e+00 7.067206045967631134e+00
-1.998653459204129179e+00 7.755341970577946498e+00
-2.248667201434424001e+00 8.417002650480538861e+00
-2.129658714239059059e+00 7.364382659546967247e+00
-2.267656189168287817e+00 7.534904999819354465e+00
-2.228745834866256992e+00 8.252177463028495197e+00
-2.249035861250371138e+00 7.423755138672127885e+00
-2.049518589268474855e+00 7.620124732503331444e+00
-1.854263747322467681e+00 7.406878386928586799e+00
-2.080311380318821346e+00 8.013701986231694718e+00
-1.935697032937592432e+00 7.308263306564265704e+00
-2.003659778907625366e+00 7.514992751975676732e+00
-2.225811152136155435e+00 7.960145839536945545e+00
-2.214358227935190548e+00 6.748311140616413795e+00
-2.059774974371128220e+00 7.744528018673017655e+00
-2.034835235935692044e+00 7.587883606740685849e+00
-2.159806525786031717e+00 7.778383655186429380e+00
-1.742047120330981969e+00 6.135087786695744505e+00
-2.158423114139858434e+00 6.092086316649091060e+00
-2.096735869131267194e+00 8.148200877834435474e+00
-2.186966356697446656e+00 6.256516647536606968e+00
-2.063081089305981664e+00 7.221831376261497404e+00
-2.183575165923235861e+00 7.534271371554412511e+00
-1.983140232658319846e+00 6.288735643177124857e+00
-1.775418391668281304e+00 6.961691489111743181e+00
-1.982071233299001145e+00 7.417734558034485559e+00
-2.061536555399611448e+00 7.053990979918808080e+00
-2.157045890768140239e+00 7.874824418698037398e+00
-2.051874509422610071e+00 7.293989817243798690e+00
-1.903281500757153966e+00 7.427298712946033277e+00
-2.412573020401013846e+00 8.360408854502935583e+00
-2.064149418116124846e+00 7.901887807603326763e+00
-2.030332465313771539e+00 6.314527825536344174e+00
-2.293422460359656689e+00 8.247248767734813413e+00
-2.095714193273961801e+00 7.236791095613741120e+00
-2.139576776833222560e+00 7.411204877656214940e+00
-2.175863967056837378e+00 8.444812116530071577e+00
-2.217382902349464668e+00 7.410916013790366463e+00
-2.245121920144256489e+00 7.981179554050382485e+00
-2.353899915519567010e+00 8.111198958199254960e+00
-2.193277468443987299e+00 7.562045311140986215e+00
-1.998065417693132950e+00 6.869381958138915500e+00
-1.926751685778729462e+00 7.124658224664266015e+00
-2.143817105581364402e+00 7.739475808801667078e+00
-1.990807521599988750e+00 7.385419168193442907e+00
-2.228561710356969705e+00 7.966861477270255065e+00
-2.067619669773153923e+00 6.614256529062465084e+00
-2.051006109036323188e+00 7.438727842538104262e+00
-1.824938170121016556e+00 6.415514016273400344e+00
-2.042686750687073616e+00 7.990241017709380777e+00
-2.223794643159789697e+00 6.918182098607515762e+00
-2.013137134574510156e+00 6.787796436693334989e+00
-2.102764930020619261e+00 7.327094213015668878e+00
-2.389492040064449263e+00 7.286148950936671476e+00
-2.242987730258300783e+00 7.274333289035585182e+00
-2.139514249971653292e+00 7.799824641383051649e+00
-2.022599101029954216e+00 7.896066217621467764e+00
-2.039415439293932764e+00 7.434654673940547021e+00
-1.766296208379743549e+00 7.506292494199476195e+00
-2.259494105960214938e+00 7.712136319306400978e+00
-2.268152583441851888e+00 7.545978335240201673e+00
-2.038964597520620980e+00 7.910766791057986858e+00
-2.124116329550587601e+00 7.906198288296888421e+00
-1.898729389140508816e+00 6.727809217521204310e+00
-2.174323486982774334e+00 7.605055502858887984e+00
-1.892812929025989410e+00 7.114781233155854423e+00
-2.331565934229610004e+00 8.022011505068702419e+00
-1.946314283072490436e+00 7.549765429538313199e+00
-1.888293140897634226e+00 8.166303797806156339e+00
-2.137322784456066938e+00 8.260153965919061037e+00
-2.025994122434970013e+00 6.831196732697987883e+00
-2.050672746516429612e+00 6.812503161590024447e+00
-2.185535478835156642e+00 7.709371359824674030e+00
-2.063509666748691629e+00 6.797819600473557600e+00
-2.186586265612407320e+00 7.798856441843923015e+00
-2.203949249876798522e+00 6.894968343074523887e+00
-2.134270891979662910e+00 6.432205137501528114e+00
-2.064456249273302291e+00 6.628329731818269899e+00
-2.130167723096431764e+00 7.459967353628387698e+00
-2.128015139591705296e+00 7.451438317630200814e+00
-2.319740138948643171e+00 8.316489961916289531e+00
-2.263049217174674776e+00 6.850124902873892196e+00
-2.189818475187951474e+00 6.936319176004198006e+00
-2.026120545729801936e+00 7.132423384525559129e+00
-2.339248336593569011e+00 7.054286069791782410e+00
-1.908373072544271576e+00 7.415394683617121174e+00
-1.979989001103550361e+00 6.780141437857619913e+00
-2.082068131208085315e+00 6.902142914992841050e+00
-2.105496705971929838e+00 7.221445560055681945e+00
-2.042206135094475350e+00 6.698668499786450958e+00
-2.192368487473344896e+00 7.056653777805962591e+00
-2.015133089438150726e+00 8.817522835900783562e+00
-2.265234968548929473e+00 7.099988480791366463e+00
-2.104763992298158914e+00 6.409480131204127851e+00
-2.286840024478469235e+00 7.510283462977096036e+00
-2.007533595822206696e+00 7.019811289306518987e+00
-1.987646619749137589e+00 6.871736627407711850e+00
-2.124626431736366339e+00 7.408276566118861872e+00
-2.145502994118952955e+00 8.755447885067734859e+00
-2.191851750682623390e+00 6.553874757206367363e+00
-2.434430770311024617e+00 6.871132325135945962e+00
-2.189949549260343353e+00 7.818956754645528306e+00
-2.231006255189037724e+00 7.739385249530892352e+00
-2.108221381769088687e+00 7.860071842998346270e+00
-1.811644088045101686e+00 7.093579375139642096e+00
-2.002739066563015147e+00 6.593137712703001085e+00
-2.015441688095243489e+00 7.870712220776757029e+00
-2.112569336085819760e+00 7.264523475758912774e+00
-1.995569535315569576e+00 7.861383486521266839e+00
-2.015644473768024802e+00 6.449573231308511900e+00
-1.953239355221984663e+00 7.165273870127326639e+00
-2.123355546398718818e+00 8.215265044221942148e+00
-1.960507507587049503e+00 7.747838777180302117e+00
-1.947798240081156207e+00 7.576023332405092958e+00
-2.119749190124360361e+00 8.203769298303623003e+00
-2.084676932713219077e+00 6.399591515453539436e+00
-2.052428461221142086e+00 7.878799335075441057e+00
-2.217829306195171490e+00 8.189754586719475427e+00
-2.107871824269008876e+00 8.033872282875838877e+00
-2.030569403511315763e+00 7.856304922883812658e+00
-2.085187136898353888e+00 6.926149554211797010e+00
-2.202161286706042276e+00 8.116915509292114805e+00
-2.145955633891309056e+00 6.716982842365934125e+00
-1.896371239351187121e+00 6.505934700839442364e+00
-2.015099136793953249e+00 7.563760705447495347e+00
-2.055275694959837640e+00 6.617737005322556598e+00
-1.828466268474441270e+00 6.793468998100563816e+00
-2.148502953238714763e+00 8.086067190998862841e+00
-1.762594444963839102e+00 6.804375617299021073e+00
-2.100778287986538206e+00 7.140586871866532626e+00
-2.099521927694828261e+00 7.156798563189957996e+00
-2.245292921888194293e+00 8.586682284061161852e+00
-1.902141609203230166e+00 6.672288082255399821e+00
-2.070793877065655320e+00 7.120519821756758461e+00
-2.008426579716645843e+00 6.968561614907629931e+00
-2.198238132152463997e+00 7.624364521435272657e+00
-2.196157812317009572e+00 8.356654595327984936e+00
-2.017282945600994193e+00 7.855749631459286064e+00
-2.216488761021184750e+00 7.850879459726447962e+00
-1.866513790614171553e+00 6.244491159125950652e+00
-2.265583490370549846e+00 8.162143288223456139e+00
-2.434732075161833986e+00 7.428612083449970704e+00
-2.241482159528966012e+00 6.982347189393618869e+00
-2.401687996077794374e+00 8.277268245655886147e+00
-2.062460347764078605e+00 8.247462445620980631e+00
-2.085807327299959990e+00 7.672152834107431651e+00
-1.996804200176263810e+00 7.915700018355976475e+00
-2.246890303062313077e+00 8.052019298723850582e+00
-2.143466400813214712e+00 8.058437330105011398e+00
-1.898804008444083813e+00 7.066973122280761466e+00
-2.115971589213062387e+00 7.639044801731315282e+00
-2.043759063761271921e+00 6.638411604030137525e+00
-2.121783353623681201e+00 6.552453968753638058e+00
-2.121015350481995743e+00 7.373649553297912718e+00
-2.148021106173013006e+00 8.426165507296659030e+00
-2.106682409764284447e+00 8.090632199645682476e+00
-1.945666722029667284e+00 6.863363922270502293e+00
-2.150935305899342787e+00 7.133683726544972181e+00
-2.092430957908808065e+00 6.397939281058069305e+00
-2.113615043448970443e+00 8.254595599229492819e+00
-2.007990270541679223e+00 6.692023426915023165e+00
-2.058615335569404348e+00 7.782540691485405837e+00
-2.115805297463796197e+00 7.248809874348131288e+00
-1.950883730699996654e+00 7.065582253741594876e+00
-2.039815884545561619e+00 7.435115994927147476e+00
-2.128301293630737501e+00 8.223560430599976101e+00
-2.035583047933370526e+00 7.209719622326657529e+00
-2.102648378197694790e+00 7.926933977131292330e+00
-2.031751909128478140e+00 6.627650245679427954e+00
-2.271391198952161350e+00 7.956733314970421134e+00
-2.174487309090515463e+00 7.475854627518185858e+00
-2.235999454605047454e+00 7.944198613833139078e+00
-2.055481493520101122e+00 8.226287324583575256e+00
-2.161408910898310332e+00 7.125525231039212315e+00
-2.079417600940867139e+00 6.882461663999158041e+00
-2.142582175222392582e+00 8.532045677713229637e+00
-2.121196873144039596e+00 8.036526594450958072e+00
-2.262844844199133565e+00 7.750456647294455159e+00
-2.120931029623955411e+00 6.813645375100045420e+00
-2.065906011341846149e+00 6.916228712136184065e+00
-2.098512164705618410e+00 7.762888647020617761e+00
-2.163876268642055400e+00 7.928550468685056529e+00
-2.276652503305406139e+00 8.142715466049121886e+00
-2.027929227752181429e+00 7.240207396818685304e+00
-2.002588810928745300e+00 6.368937192957869087e+00
-2.114697800896143232e+00 7.914380939245519997e+00
-2.047605710469274864e+00 7.412642315339384780e+00
-2.239001420535216003e+00 7.720265732433019501e+00
-1.966905243242127677e+00 7.042938052773618729e+00
-2.248031619665388448e+00 7.451912772745408198e+00
-2.056029125516262379e+00 7.656554379976438618e+00
-2.123590003904731294e+00 7.241099180443295147e+00
-2.187648543848772942e+00 8.051912322627183372e+00
-2.114761107025217246e+00 7.389857721445402206e+00
-2.155393350445323097e+00 7.064568218337835326e+00
-2.149572408220295383e+00 6.594203447059697076e+00
-2.123639147149455564e+00 7.790055667191952082e+00
-1.975762907497906840e+00 7.051187852176759030e+00
-1.938720269010997477e+00 6.776923692316163539e+00
-2.090654867995441979e+00 6.673486760112009364e+00
-2.103812111275177532e+00 7.576655738606772772e+00
-2.084270678678348698e+00 6.912108232209328129e+00
-2.162264334382982156e+00 8.004421957440627011e+00
-2.214475521902908639e+00 8.097146090612802993e+00
-2.059439494471360543e+00 7.484081280097074185e+00
-2.119772045827049922e+00 7.762635987137183058e+00
-2.048357808594731377e+00 7.660533263033798335e+00
-2.015360243724152678e+00 8.218465471698420899e+00
-2.144528621149552894e+00 7.388179942485404439e+00
-2.031363384818859696e+00 7.039040966526644461e+00
-2.054629342853105722e+00 7.687414157951640625e+00
-2.099226059494491370e+00 7.770984172675942325e+00
-2.059502322490399884e+00 7.466471249527669940e+00
-2.165034715723332059e+00 8.014391916273405414e+00
-1.903759646295283048e+00 6.856471475435870211e+00
-2.273039988420734847e+00 7.415457567541899664e+00
-2.133531186802263502e+00 7.146561457192182942e+00
-2.164372107743540052e+00 8.420904055930465759e+00
-2.089329074080258586e+00 7.430457931895388057e+00
-2.192553331280853612e+00 8.042585098003497635e+00
-2.025353049770350911e+00 6.785939257861307361e+00
-2.100336827933630079e+00 7.269473831176910927e+00
-2.001217982852244059e+00 7.040208966513350930e+00
-2.148271303723246373e+00 7.480728839750437231e+00
-2.133746306305190910e+00 7.519302598868413234e+00
-2.096889398789539616e+00 7.539171200372297044e+00
-2.131473005018134970e+00 7.276597625620364163e+00
-2.119317824036064390e+00 7.270880381985000085e+00
-2.068983978831641757e+00 7.102827002745576657e+00
-2.070158651994287613e+00 8.185096820451462918e+00
-2.193327271115428356e+00 8.650961845476329515e+00
-2.218339352186341706e+00 7.730192563480954959e+00
-1.919317421116402578e+00 6.657681070974299509e+00
-1.968670300805355211e+00 6.785059359220372066e+00
-2.051674356864582993e+00 6.652907360736031173e+00
-2.090508869482545329e+00 8.472478672212442774e+00
-2.245037369049890152e+00 8.129926412728368135e+00
-2.133224095833654133e+00 7.330798812060078440e+00
-2.248487691826301926e+00 8.271825067927402131e+00
-2.103503579117165678e+00 7.003558714228677928e+00
-2.059044300492259172e+00 6.530287082757867623e+00
-2.116379875061833449e+00 7.792224937446516009e+00
-2.029664192520920896e+00 7.944444489241785590e+00
-2.133077835591900673e+00 7.912750986028092015e+00
-2.215406305005702681e+00 7.874471101689169750e+00
-2.109787267492530205e+00 7.795373450614645705e+00
-2.019237053570472007e+00 7.669491780565569350e+00
-2.175157463761049126e+00 8.045907283063968407e+00
-2.093444325565497088e+00 7.615281325772121690e+00
-2.182708200748207261e+00 8.214051887263568830e+00
-1.953994377438997621e+00 7.282860433198919736e+00
-2.133913047864052892e+00 7.968820128289221927e+00
-1.993615171623481341e+00 6.339865573743740157e+00
-1.994625431340617983e+00 7.071598460511376416e+00
-2.120255789257059931e+00 8.228252215083784904e+00
-2.114263660963556557e+00 7.566136742131963189e+00
-1.999488604516495682e+00 6.840547198635077208e+00
-2.182118841667102682e+00 7.543347853639389200e+00
-2.105784317698527808e+00 6.422076343848677205e+00
-1.961398709872221868e+00 6.408345832700858224e+00
-2.063492252041041475e+00 8.319071036351100901e+00
-2.096880640161969733e+00 6.437013727203205526e+00
-2.134478407203538097e+00 7.318660071007816015e+00
-2.129224820768271798e+00 7.303323643763746098e+00
-2.007381654749121225e+00 6.850390817253703801e+00
-2.208456111739403926e+00 7.133273387402634391e+00
-2.205898326145996347e+00 7.622316763686673546e+00
-2.164210877204193029e+00 7.161779007089139171e+00
-2.019958899321908863e+00 7.366949966832392782e+00
-2.137949258748676584e+00 7.507197461320748388e+00
-2.093478806399354131e+00 8.204837146177284879e+00
-1.980919762424203645e+00 7.387485749489192344e+00
-2.014750518305152838e+00 7.075362142726492998e+00
-2.113039951318920195e+00 8.102525868583828839e+00
-2.091722910943479175e+00 7.823252565000351488e+00
-2.012577321504875449e+00 7.616906030604128297e+00
-2.048353723705923723e+00 8.243079500769709966e+00
-2.044014893120515097e+00 6.940839806494800257e+00
-2.205388083480842809e+00 8.100913237639966624e+00
-2.137273967613944059e+00 8.784986696696211794e+00
-2.112450182366805596e+00 7.732724722426944197e+00
-2.201371711716067381e+00 8.214028711218555046e+00
-2.161662642311164895e+00 7.512130083839819505e+00
-2.009953296537849710e+00 6.917755331660790930e+00
-2.153003275991412391e+00 7.894675280266426398e+00
-2.142796277683655770e+00 8.450714109607389446e+00
-2.122002126583987014e+00 6.613197989913965458e+00
-2.177502261059619304e+00 7.972478160982732653e+00
-2.050552096719834960e+00 7.625992863429386759e+00
-1.968274201086754882e+00 6.358100614697968389e+00
-2.074307646074298184e+00 7.073446714224875365e+00
-2.106468190378823380e+00 7.933211523158068879e+00
-2.055194288217174314e+00 7.369968564996320914e+00
-2.107442915626009938e+00 7.275782501692004800e+00
-2.021687576401262731e+00 6.720037493657986971e+00
-2.034003369383801552e+00 7.232626215585373330e+00
-2.216456539295025951e+00 6.978744249130450328e+00
-2.097398332227619733e+00 8.026616843386110034e+00
-2.096856215501013754e+00 8.304039280742587792e+00
-2.120361393314549314e+00 6.892033888794982133e+00
-2.137492044250095535e+00 7.763867130298512720e+00
-1.993709425208062713e+00 7.100446078414545781e+00
-2.182200091109555817e+00 7.823496233070324379e+00
-2.061717778838358495e+00 7.465947914697999899e+00
-2.101316047750215077e+00 7.678902089938645759e+00
-2.088470002036362683e+00 7.052266479659675014e+00
-1.990804006812683546e+00 6.769959415532918356e+00
-2.205567715681005403e+00 8.167851145579726690e+00
-2.075796501784278547e+00 7.977487730811404276e+00
-2.187271610798642296e+00 7.898077838747075141e+00
-2.038936184044739086e+00 7.798380315494576109e+00
-2.041757813460156612e+00 7.892281190946947689e+00
-2.038584828759637979e+00 6.485815828629953650e+00
-2.149402120133707683e+00 8.731019052979558381e+00
-2.164306228347495420e+00 8.020173760056957590e+00
-2.178357039108478332e+00 7.251220796440984273e+00
-1.987481040054835502e+00 7.031647061117121567e+00
-2.117330038721957575e+00 8.058573724325116316e+00
-1.986015534462899801e+00 7.758535325293113516e+00
-1.970003969998914473e+00 7.053371373313556347e+00
-2.053194989872543896e+00 7.803642878796870797e+00
-1.995321285770630615e+00 7.631609911230758492e+00
-2.245868021660381242e+00 8.705402165366164624e+00
-2.139927067110777070e+00 7.573494264966141643e+00
-2.315724009380033088e+00 8.057773482746675597e+00
-2.159086582928787301e+00 7.235876333376070058e+00
-2.035178252848065750e+00 6.875439261968090854e+00
-2.230457863776460936e+00 7.505261073179369191e+00
-2.117513658387396802e+00 7.315182812448639105e+00
-2.129129990063937328e+00 8.147716107707843491e+00
-2.037792580478942295e+00 7.147186501542621251e+00
-2.031244788416583624e+00 7.086211207846704774e+00
-2.080119141279332950e+00 7.659708484133870066e+00
-2.007582120719562102e+00 7.124319034842836906e+00
-2.104179770884684775e+00 6.125184267210650901e+00
-2.090864978797715601e+00 8.320663982310675166e+00
-2.170255618029342415e+00 8.012038610396905014e+00
-2.171059355280747560e+00 7.467425326629537174e+00
-2.137936499848078320e+00 7.917493961202827890e+00
-2.154021468996377919e+00 7.998582348844642809e+00
-2.169074203467833861e+00 7.824136809708422291e+00
-2.124195504020262248e+00 6.805324094629926712e+00
-2.084267730168894772e+00 7.334441445233365720e+00
-2.036179455781091718e+00 8.185592643844225691e+00
-1.912170085856324864e+00 6.514024704253414733e+00
-2.053821829739666427e+00 7.863453583578339234e+00
-1.964230746709219488e+00 6.865399263989595546e+00
-2.169291964026798691e+00 7.733038079106935747e+00
-2.194280271225966583e+00 6.990511426797757721e+00
-2.124019573683633588e+00 7.077169820657023713e+00
-2.189130410809506877e+00 7.943234908353251633e+00
-2.177564794101108259e+00 7.147030731704957063e+00
-2.273788736616959127e+00 7.712712118783007220e+00
-2.146009193368441981e+00 7.413329479968968627e+00
-2.156515336166169305e+00 7.561848360000025693e+00
-2.157685928444047274e+00 7.773029142890354848e+00
-2.194875968176962289e+00 7.898459900880053119e+00
-2.128662405554676340e+00 6.650968074155480636e+00
-2.103205782281978298e+00 7.482504931005355964e+00
-2.098690254999250104e+00 7.900596335155063876e+00
-2.096423301990655297e+00 7.600140400566854026e+00
-2.051241689772422827e+00 6.650440505199345154e+00
-2.031984221966314230e+00 7.268073934571660288e+00
-2.120402174830427811e+00 7.323284969274114431e+00
-2.094930269860497241e+00 7.513299436292757427e+00
-2.269528796370923196e+00 8.458075730634559974e+00
-2.064523175163114566e+00 6.925570760240942647e+00
-2.156156261656397621e+00 7.832196903568060975e+00
-1.968789747713347582e+00 6.583132908934998362e+00
-2.083117301673029775e+00 7.586044087504338229e+00
-2.100562558293331605e+00 7.598394555369411663e+00
-2.129900208503178849e+00 8.065866658086447316e+00
-2.116390547485956564e+00 7.859368276094696348e+00
-2.195318949616649196e+00 7.465781871221165211e+00
-2.166602133582771650e+00 6.688526757677488277e+00
-2.078661769359073208e+00 7.450613020411759102e+00
-2.121052266870721681e+00 8.333656078356447949e+00
-2.020876785994123459e+00 6.991518937338229378e+00
-1.927264971800864313e+00 7.032721241343224072e+00
-2.111162689559733519e+00 7.705145431007018431e+00
-2.044540243443419225e+00 7.340174334608976281e+00
-2.034009008942519348e+00 7.375661246857490028e+00
-2.003224796441391398e+00 7.183123001254664075e+00
-2.128796262850807253e+00 8.436608080242242735e+00
-2.040817449325018185e+00 6.614161967988921198e+00
-2.113735636288776032e+00 6.844647426333396290e+00
-2.105983251516125865e+00 7.755607892554889027e+00
-2.152642715158543218e+00 8.220419648410594249e+00
-2.084078343209968320e+00 7.001885248434650322e+00
-2.161539235075734311e+00 8.234900467071444297e+00
-2.176510965383309681e+00 8.035107539089896278e+00
-1.985954342891909086e+00 7.592231709046898480e+00
-2.065190688407885222e+00 8.039043545320959439e+00
-2.282393936518490651e+00 8.138093037451154643e+00
-2.102310198795224849e+00 6.812957220205730025e+00
-2.200670081649954035e+00 7.681312279637092288e+00
-2.106766638347237652e+00 7.165592365521369800e+00
-2.132876322580531614e+00 7.692919388168713901e+00
-2.053118432041837416e+00 7.315059463556857544e+00
-2.162879469343103267e+00 7.837343822778906954e+00
-2.184892486205186390e+00 8.353295533409879070e+00
-2.011895004075605620e+00 7.560846787741178687e+00
-2.201934339959331410e+00 6.656286300614797646e+00
-1.940849682851188751e+00 6.874575473112165547e+00
-2.269940950952598957e+00 7.260043386266973542e+00
-2.033701079563563496e+00 6.792996955275599547e+00
-2.108200796918913156e+00 7.096397124355687147e+00
-2.196355663830388494e+00 8.018825719236465588e+00
-2.130011558614897549e+00 7.302420920134869320e+00
-2.084241889865797503e+00 7.003155015581167930e+00
-2.076475676796267322e+00 7.668860155255186051e+00
-2.146024381264809655e+00 8.188469255210517161e+00
-2.042363992587595600e+00 6.590181192726896064e+00
-2.196836654500025077e+00 7.701549448627803329e+00
-2.015921990233838557e+00 6.585456161616548343e+00
-2.127367709638863236e+00 6.984451863209220512e+00
-2.053986972818267809e+00 7.971680314887448660e+00
-2.035666198850281106e+00 8.145814011349008510e+00
-2.048162381211672933e+00 7.455143488487142811e+00
-2.143796378254883450e+00 8.248193764826906360e+00
-2.049865277036531541e+00 6.944650260221155058e+00
-2.053276461720741519e+00 7.511215290646859444e+00
-2.126149010860227673e+00 6.853410349197558205e+00
-2.150452814899058041e+00 8.178780077360412903e+00
-2.024385646106748649e+00 6.866001594211780912e+00
-1.974085007116076484e+00 6.754206541630153993e+00
-1.931355570009525069e+00 7.105637751531387991e+00
-1.943932079269342861e+00 6.325436666977691580e+00
-2.085968968367030385e+00 8.223149046597367118e+00
-2.072870239324389630e+00 6.821790594747779046e+00
-2.216040185014713337e+00 8.366338377864035891e+00
-2.252554472406730124e+00 8.065537975518317637e+00
-2.168368920775121111e+00 7.904745507784845415e+00
-2.061226311185863302e+00 6.848320088658271132e+00
-2.086885995721429854e+00 7.965169201446861358e+00
-2.129164569900294790e+00 8.133350592789637901e+00
-2.260319080502411815e+00 7.323271758569761758e+00
-2.180836273034652439e+00 7.962073677864783150e+00
-2.010508912034272289e+00 6.564502169194706305e+00
-2.104361121108103472e+00 7.784349475884936531e+00
-1.980161130839486860e+00 6.510755278284338310e+00
-2.141560124196443482e+00 6.834699221021248938e+00
-2.231748226521022449e+00 8.239038694428575837e+00
-2.183200697634334109e+00 7.716063429680803942e+00
-2.090721175445929170e+00 6.436423708035121649e+00
-2.132366136392171097e+00 7.095543108149475309e+00
-2.130187797132916838e+00 7.538163266784248862e+00
-2.104160730742244745e+00 7.761271664486071309e+00
-2.009181976113576074e+00 6.900305199538946610e+00
-2.018897929002292813e+00 6.896353620721583866e+00
-2.062381842954083666e+00 6.841825280114634644e+00
-2.166210146630752398e+00 7.884142986305966438e+00
-2.116990502593703471e+00 7.702421044978160047e+00
-1.970902976787483496e+00 7.260861518573309858e+00
-2.075634685478918939e+00 6.613907878096612514e+00
-2.132381326118799603e+00 7.737275182163755538e+00
-2.024154390521930136e+00 7.144259041529013032e+00
-2.231242410302423096e+00 7.968048151458466677e+00
-2.129545320124969887e+00 7.297366399158795147e+00
-2.045680840664929612e+00 8.203640425255851909e+00
-2.073182451124639059e+00 7.737328882968792954e+00
-1.977803915464196205e+00 6.994194875892865149e+00
-2.152087000898426972e+00 8.300814137918896662e+00
-2.070514470162216902e+00 7.719668929563946236e+00
-2.139979037469141421e+00 7.510204019673409448e+00
-2.018304233172352191e+00 6.860666012155929749e+00
-2.001953913417502839e+00 7.047910117075372405e+00
-2.067931245811530871e+00 8.232059844184870911e+00
-2.114491147787422864e+00 7.842374522899359768e+00
-2.177066617149272965e+00 8.249486741409603141e+00
-2.129170143787601166e+00 7.534769982025086854e+00
-1.999121832550166511e+00 7.877566607866529402e+00
-2.053579058248343081e+00 7.410505628843779391e+00
-2.115169270521445988e+00 8.176384067530758415e+00
-1.947281403581240911e+00 6.897314250192610352e+00
-2.150630289220252234e+00 7.853887106065037926e+00
-2.220070637473953390e+00 8.207492244192739150e+00
-2.080536690306585612e+00 7.974290806117831920e+00
-2.046491503771320719e+00 6.971128402787528877e+00
-2.121015723255255558e+00 7.306290993341111317e+00
-2.201225777041535991e+00 8.021788843348206299e+00
-2.204387225735094269e+00 7.657380179013019372e+00
-2.150802894417218614e+00 7.499675474333918679e+00
-1.997827456038835381e+00 7.875548508263562120e+00
-2.148613212220515933e+00 7.768807281376134632e+00
-1.927382988747569748e+00 6.655531690800240874e+00
-2.016939862327426169e+00 6.695932385670568365e+00
-2.071501806305203530e+00 6.384130247325087382e+00
-2.025816137501030845e+00 7.333990954380662508e+00
-2.207344076210402406e+00 8.225694174538626058e+00
-2.154067074962572992e+00 8.124902415217542639e+00
-1.958878921706998177e+00 6.315655601308180600e+00
-2.147718618352950415e+00 7.932991350957567356e+00
-2.218610823441265811e+00 8.410017273948270145e+00
-2.212177202247446406e+00 8.236232956321657639e+00
-1.979736226185165204e+00 7.212186310202486794e+00
-2.165174179503195795e+00 6.992650845942106841e+00
-2.060279322890595566e+00 7.532940882409895345e+00
-2.131272643513316467e+00 7.248796949213803131e+00
-2.018455356291234626e+00 6.557507853933467246e+00
-2.038275273986159597e+00 7.628833472692155837e+00
-2.103832890075510775e+00 8.167567219341012930e+00
-2.102648203751869449e+00 6.952796030893575896e+00
-2.143468710369931252e+00 7.227025498342803722e+00
-2.274481982794862578e+00 7.807074115508870094e+00
-2.048252252873481449e+00 7.140718221483332684e+00
-2.248090806876395842e+00 7.033234416489833940e+00
-2.199193250786252385e+00 8.148144468793244499e+00
-2.221503685856653032e+00 7.515006039180235575e+00
-2.034116725727859176e+00 8.274168149296944108e+00
-2.104997702885255340e+00 7.739805224015882779e+00
-2.167050097256223662e+00 8.616690136200213956e+00
-2.168636497499630167e+00 7.190036617429898413e+00
-2.032804614889472727e+00 7.964769324541036255e+00
-2.165812711478875663e+00 8.343198847625531656e+00
-2.186660878715054324e+00 7.685806122408240348e+00
-2.148848606064127864e+00 7.682989537468260188e+00
-2.165080237517180706e+00 8.108607236172831634e+00
-2.198385644613561229e+00 7.456821786810473363e+00
-2.038856166015736271e+00 7.505860752207003550e+00
-1.952109623789503257e+00 7.265766392092678494e+00
-2.057161485406228341e+00 7.736354936441920849e+00
-2.061753883852439628e+00 7.501186772083404897e+00
-2.068917830512454259e+00 7.496927937871744163e+00
-2.210538622279818455e+00 8.000349519958943389e+00
-2.167423872906877325e+00 6.791519869176510404e+00
-2.052440435419013554e+00 7.711591236931651494e+00
-2.054697144737358538e+00 7.300147267706708298e+00
-2.104036906340498891e+00 7.484225597938911179e+00
-1.908101520708116228e+00 6.452114128700290330e+00
-2.110395410843564523e+00 6.423172256526070711e+00
-2.137937122664490985e+00 7.933620618995346874e+00
-2.127051514854849668e+00 6.453736877713696529e+00
-2.092269415786907505e+00 7.045485111143145573e+00
-2.125003509618885289e+00 7.354766248263875816e+00
-2.000710963534227282e+00 6.489735687364387218e+00
-1.905604311070295598e+00 7.057998230024138842e+00
-2.049992456967080212e+00 7.549833639447405709e+00
-2.044631183856169709e+00 7.070615744893072652e+00
-2.164281436139667392e+00 7.884921006690501777e+00
-2.042530186452110819e+00 7.466596868655030583e+00
-1.979519810962289572e+00 7.551306593544673262e+00
-2.287648957169784669e+00 8.263278922304362339e+00
-2.103196798106407694e+00 8.012373562946336847e+00
-2.045786434001930054e+00 6.384888007786123865e+00
-2.231108429020896011e+00 8.033571729425203145e+00
-2.081059736632897561e+00 7.018768275323957972e+00
-2.158731669009251064e+00 7.399026893892187040e+00
-2.151266169051492039e+00 8.293653932321406685e+00
-2.204140533084978593e+00 7.616704895427284683e+00
-2.204373064948794259e+00 8.096323994903919186e+00
-2.266646172017209970e+00 7.923207157385778743e+00
-2.162428320383034119e+00 7.385337424550586505e+00
-2.054861939643852331e+00 7.238290233502520543e+00
-2.006758899679190300e+00 7.156675252112442820e+00
-2.077903786773799055e+00 7.426675337567942847e+00
-1.983424190741157167e+00 7.101055841685543157e+00
-2.170773711446811305e+00 8.052707224022666921e+00
-2.079615730548032282e+00 6.530633077602759684e+00
-2.057255678176922231e+00 7.727797742494394662e+00
-1.937243794806314590e+00 6.621518516947235256e+00
-2.064036236191494567e+00 8.084538759144249909e+00
-2.159761575225627173e+00 6.909931190242150301e+00
-2.013716118652713938e+00 6.835867727779454839e+00
-2.097270193916564551e+00 7.309583282946315208e+00
-2.241183617322565880e+00 7.270150394811452088e+00
-2.209976185238334168e+00 7.481764074470217629e+00
-2.082262390366992566e+00 7.775530180228205523e+00
-2.138075823271555542e+00 8.039888108801761746e+00
-2.105341451046814694e+00 7.696414669609052517e+00
-1.944026228220378627e+00 7.755038855085082616e+00
-2.190043668946581423e+00 7.499650430916700472e+00
-2.194857392781542238e+00 7.522023013380309209e+00
-2.099752200212912090e+00 7.752522668468225575e+00
-2.103541061006912294e+00 7.975483568843568349e+00
-2.021224361318111562e+00 6.854678860227430448e+00
-2.121987195240595980e+00 7.802599027056880132e+00
-1.959558138542823125e+00 7.123098683130814734e+00
-2.259096624182803215e+00 7.829899319167513028e+00
-2.019789935726947760e+00 7.612291262984227203e+00
-2.009676319583368898e+00 8.257288571447231718e+00
-2.148781979441497736e+00 7.946791056752134708e+00
-2.018463422719438682e+00 6.652309424032713636e+00
-2.003686580451038424e+00 6.910680837685831079e+00
-2.160049696963997068e+00 7.806177502154685754e+00
-2.063804711848916451e+00 6.937059524490330809e+00
-2.207288488956940853e+00 7.972151684680584438e+00
-2.210177167472634263e+00 7.228222459439560765e+00
-2.098515183231046244e+00 6.662894297087953888e+00
-2.042321791935808761e+00 6.845605747823428899e+00
-2.142588736693570084e+00 7.632651401581388662e+00
-2.120252557955567774e+00 7.288248105178257497e+00
-2.225842107961562899e+00 8.218931451942546929e+00
-2.189774201756301331e+00 7.053837145379575624e+00
-2.089134753787169618e+00 7.026921525420367409e+00
-2.052432297308345088e+00 7.312114130108549048e+00
-2.222090765647375843e+00 7.065459892878051207e+00
-2.004791213790108717e+00 7.584975140305629360e+00
-1.983037097417410743e+00 6.783120680690550408e+00
-2.042352303944271252e+00 6.840387587040293482e+00
-2.115637986417476135e+00 7.613535401489218479e+00
-2.038004765308881527e+00 6.704958482835915667e+00
-2.068735950179962924e+00 7.005963089988972214e+00
-2.071223901840322679e+00 8.473160275847369860e+00
-2.169078832852805228e+00 7.208788790776426758e+00
-2.048958371633341713e+00 6.503081178807650353e+00
-2.180561615987956170e+00 7.504187171204822704e+00
-2.025528771189497590e+00 6.700326741300578703e+00
-2.090196104949757938e+00 7.071233802202998575e+00
-2.050915032510876479e+00 7.334830731256464453e+00
-2.169554894401106715e+00 8.463249983901885543e+00
-2.132788523055919150e+00 6.653300596734724515e+00
-2.265533667889575664e+00 6.821520195343271808e+00
-2.140648530859140308e+00 7.433437051897850090e+00
-2.171202227877257585e+00 7.687898794209883313e+00
-2.063214887292842192e+00 7.663972161982451681e+00
-1.915603403725584686e+00 7.150998458159081750e+00
-2.066868194373448819e+00 7.211470453416199078e+00
-2.082119074660640390e+00 8.013120017652996196e+00
-2.088313605365220038e+00 7.608325517494072265e+00
-2.062504207387368282e+00 7.889615511040675599e+00
-1.999277100610001190e+00 6.783240250187964726e+00
-2.048194790417960931e+00 7.485564249191637209e+00
-2.104907783857742576e+00 7.894907469878702067e+00
-2.035582242702778100e+00 8.126246382846208149e+00
-2.075712573062446165e+00 7.595126921116880148e+00
-2.171084737659275454e+00 8.411883280032952825e+00
-2.095613993620526472e+00 6.693676980689749811e+00
-2.060322162737082685e+00 7.852986920992913511e+00
-2.209537808045000329e+00 8.159761684855141084e+00
-2.139552958617454870e+00 8.025899747148127261e+00
-2.099695630921584399e+00 7.592408008891606386e+00
-2.045620036995325908e+00 6.778621937636122752e+00
-2.177500155349091138e+00 7.875726510081765497e+00
-2.139016754859869085e+00 6.899786851896068995e+00
-1.985909400594618512e+00 6.721672823185295798e+00
-2.027728109995639905e+00 7.383134666984568995e+00
-2.028759423678559770e+00 6.597305840870596683e+00
-1.923662892662186596e+00 6.882007302223913214e+00
-2.141739105879385541e+00 8.094332041427101387e+00
-1.857619292434438796e+00 6.780337101973792358e+00
-2.067203670260679083e+00 6.830182304303769492e+00
-2.119561609937297142e+00 7.075789029744982805e+00
-2.166786433738414619e+00 8.377092703457154954e+00
-1.962664469912173137e+00 6.781716412424562357e+00
-2.050035598118931546e+00 7.393153157905631545e+00
-2.034367621078173372e+00 7.268506824227360497e+00
-2.182664443717329039e+00 7.576914195764036464e+00
-2.201155129859384552e+00 8.414229763664661021e+00
-2.082233472294818810e+00 7.734466747045600776e+00
-2.162405490323924262e+00 7.845939511523762455e+00
-1.971762729568146133e+00 6.364802253669217258e+00
-2.206817711407681237e+00 8.369677036210944721e+00
-2.291592615300993785e+00 7.869857130110891497e+00
-2.179637719246855454e+00 6.884724837004944753e+00
-2.281597261729936044e+00 8.153055291427596885e+00
-2.079836464690418829e+00 8.205119411094848658e+00
-2.118218400165420512e+00 7.741979666248099967e+00
-2.072423656311951579e+00 7.874955561231450574e+00
-2.150734246324762289e+00 8.052687651563088522e+00
-2.201083515314548489e+00 8.101951079002018830e+00
-1.953998606254389703e+00 7.353324554444711225e+00
