-2.093123577398400492e+00 7.612356355569772859e+00
-2.022113858228002936e+00 7.007413508483909759e+00
-2.212240867609532202e+00 7.476054351093449846e+00
-1.959487925601947511e+00 7.269129407895421835e+00
-2.119892203783903639e+00 8.230736539058732149e+00
-2.245295665737482071e+00 7.713281446268040575e+00
-1.938872724528533764e+00 7.471406678744341612e+00
-2.155328247117938023e+00 7.419788156088243269e+00
-2.248017379159240825e+00 6.879696829787381951e+00
-2.047152751444813568e+00 8.052847964884824350e+00
-1.909359165061043750e+00 6.345062029213436539e+00
-1.958314480953574188e+00 7.577346285261825187e+00
-2.035900377024583818e+00 6.856075396707731251e+00
-1.888765225183696161e+00 7.344027196453893680e+00
-1.954975433429541276e+00 6.916641027043896273e+00
-2.234880312974405925e+00 8.147515557244696893e+00
-1.993103549000117436e+00 6.276222742012670608e+00
-2.153005080948060979e+00 8.383284330392658745e+00
-2.153001212418372390e+00 7.769661944888873073e+00
-2.268536707908016758e+00 7.301569930832901179e+00
-2.073143974109163956e+00 7.702375898578567082e+00
-2.278253740254238213e+00 7.829407345278472263e+00
-2.132731523840563082e+00 9.087863814652946459e+00
-2.251584727172933231e+00 7.082166182575882374e+00
-2.014741261645613513e+00 6.608295144643745012e+00
-2.119030139652525069e+00 8.568321057870038615e+00
-2.168207106816359087e+00 8.543568711850356934e+00
-2.419335370166036725e+00 7.875615180342455446e+00
-2.087336185941303324e+00 6.554756143555999337e+00
-1.998874570016565766e+00 6.301110920912819324e+00
-2.135879516864727101e+00 7.937887351309546702e+00
-2.077931182426051127e+00 7.745075762279935105e+00
-2.383336153329123963e+00 7.993278486322248355e+00
-2.033560536377469585e+00 7.588620870085505565e+00
-2.096863292927499067e+00 7.397739669564266762e+00
-2.154356082017606422e+00 8.216884867534352210e+00
-1.984249146635105543e+00 7.191991634982647597e+00
-2.384784746763432661e+00 7.351730873484688011e+00
-1.919313510623918972e+00 7.321879867930219277e+00
-2.266008985952209454e+00 7.095511861884483018e+00
-1.877238395815362448e+00 7.033841730511620760e+00
-2.104633260947193829e+00 6.874439949166556652e+00
-2.311897178178395684e+00 7.636502584426570373e+00
-2.080525885401971919e+00 7.234196737042538849e+00
-2.227419682296693182e+00 7.045765000734773409e+00
-2.381922971767923780e+00 7.137242500920443433e+00
-2.071054120868912829e+00 7.445547103076912698e+00
-1.939254720297229895e+00 6.526260676158400997e+00
-1.898224777790978202e+00 6.831864344498389308e+00
-2.019058343251048715e+00 6.675041824249031919e+00
-2.034804526138430880e+00 7.699637351602008017e+00
-2.221251729821593468e+00 7.594101089062063714e+00
-2.096642664908990650e+00 8.305938084166390567e+00
-2.294204857857436330e+00 8.247882301298544050e+00
-2.185955153644254967e+00 7.334529901893370507e+00
-2.107951665028386490e+00 7.921102461046729104e+00
-1.982350676100764097e+00 7.358777912791088838e+00
-1.928996425896908340e+00 7.859329974144646513e+00
-2.213468498388819317e+00 7.395052443140917475e+00
-2.095177683984879025e+00 7.397934006180480360e+00
-2.026484451785929508e+00 7.765444553242957682e+00
-2.080365663394548204e+00 7.971274957991425936e+00
-1.948533881482465535e+00 6.964740175399363409e+00
-2.191383063726394020e+00 8.388071760148998024e+00
-1.896682139277203749e+00 7.498489126015884132e+00
-2.223704460114479531e+00 7.476867528138734009e+00
-1.976445038957026279e+00 6.418414955722446358e+00
-2.171023928799834746e+00 8.547788408069143529e+00
-2.028641624290731915e+00 7.041815643199265118e+00
-2.191067837422280284e+00 8.023492003110245463e+00
-1.978557654563721568e+00 7.908744710337956896e+00
-2.208287554241972206e+00 7.364307121216672414e+00
-1.896621817750974159e+00 7.465594780763129101e+00
-2.273027183018164976e+00 7.744853484259532905e+00
-2.146062849220994995e+00 6.896755928541751679e+00
-1.928273203008862735e+00 6.308545610950893945e+00
-2.117592792226594245e+00 6.639644223222445518e+00
-2.205824511865925430e+00 7.387343548318750841e+00
-2.182286089139932272e+00 7.567479289684680310e+00
-2.077032202348204404e+00 8.634254828147239991e+00
-2.180519882457952363e+00 8.891395251342679273e+00
-2.160694056820898989e+00 7.900390481136319032e+00
-1.944093723536713059e+00 7.227044971460859557e+00
-2.001871544597928487e+00 7.624339948097835773e+00
-2.131930753669757372e+00 7.025830053918188156e+00
-2.049213127008114199e+00 8.694191845777899275e+00
-2.254118613695300422e+00 7.859714418504544220e+00
-2.187620248537816003e+00 6.960584233914863361e+00
-2.342295343148500297e+00 8.047574114164254055e+00
-2.136068820475644614e+00 6.210996282456059170e+00
-2.095520929360659590e+00 7.308778246665450062e+00
-2.106050151496336564e+00 7.407676016862743573e+00
-1.870118760443215455e+00 6.817256316585974751e+00
-2.062635180323068695e+00 7.873767095520725512e+00
-2.251928069912700892e+00 8.156247677292588705e+00
-2.112918389908102323e+00 8.113333380605261880e+00
-1.920828853948332249e+00 6.989701804018425335e+00
-2.296721956662518327e+00 7.876576081138363605e+00
-1.953220658817574007e+00 7.148500203018215871e+00
-2.188793825178131147e+00 8.217239807701195886e+00
-1.874883974775017892e+00 6.997477196643633768e+00
-2.150578912750676253e+00 7.949093294557171951e+00
-2.047436771819232781e+00 7.344819905313849873e+00
-1.847395307625137928e+00 5.985030018093989490e+00
-2.195063236872361045e+00 8.313869189596637455e+00
-2.146999100772307045e+00 7.364253758533968686e+00
-1.929689693421134500e+00 6.557888899959182005e+00
-2.259841635929319192e+00 7.413347219596389870e+00
-2.143634253442868065e+00 6.959775725418744230e+00
-1.975324294354029009e+00 6.917731869853251503e+00
-1.998409601799423063e+00 8.224274380521720218e+00
-2.329832206043757292e+00 7.705278810434402992e+00
-2.009748601600730655e+00 6.585191299003997578e+00
-1.989791687833372569e+00 6.405383476932697384e+00
-1.980031817658343352e+00 7.097864415492507462e+00
-2.376094218759942756e+00 6.954781873531389991e+00
-2.390466381011840280e+00 7.499492565958486345e+00
-2.173801849262076757e+00 6.511605926611388817e+00
-1.848595371382313557e+00 6.970326162718603058e+00
-2.196989867986878675e+00 7.264153599370642311e+00
-2.020226479419839904e+00 8.230984960726459576e+00
-1.937067566436915911e+00 7.061726251975716906e+00
-2.014587847127248033e+00 7.316683946935733651e+00
-2.183421802249566390e+00 7.874200440628666087e+00
-2.193792519850943812e+00 8.013175333768488784e+00
-2.097121284497406535e+00 7.831290797366598611e+00
-1.922248890198377635e+00 7.312133659368386773e+00
-2.057604333705936206e+00 7.390430103211960144e+00
-2.163169436622633501e+00 8.068949363037773992e+00
-2.082340001941807017e+00 7.950716889859168468e+00
-2.101919349711308449e+00 7.574690041748163516e+00
-2.188606225588415999e+00 8.132025218046573301e+00
-2.188238746691244963e+00 6.534464438039123912e+00
-1.921690423133766590e+00 7.425526686624854378e+00
-2.257482554361130322e+00 8.146898845171874015e+00
-2.079975593432307868e+00 8.163808557084090367e+00
-2.264475713938708168e+00 6.797677151685050490e+00
-2.102682676222485725e+00 7.354993382029757498e+00
-2.034592825647937975e+00 7.866765035834742292e+00
-1.979296853592249716e+00 7.032639228365464845e+00
-1.936336704712572132e+00 6.666410688869577328e+00
-1.915674642310676301e+00 7.653500698410447001e+00
-2.117220168087054155e+00 7.299611577890503966e+00
-2.269053914856856036e+00 6.863670083349820317e+00
-2.097875966393464076e+00 7.804004440940307319e+00
-1.917229832827310299e+00 6.440499085934296097e+00
-2.232429643229108418e+00 6.254561276485049781e+00
-2.045572628399807691e+00 8.114962702355150270e+00
-2.081304380694601885e+00 8.123328309296505623e+00
-2.161942461236467938e+00 6.719927443091546770e+00
-2.109884842190747012e+00 7.888355606424737765e+00
-1.841529359037652025e+00 6.169038943357740834e+00
-2.383626579204178420e+00 7.849137981934981134e+00
-2.074461964874841691e+00 6.738762585034510977e+00
-2.149741902255597914e+00 7.429017488674324987e+00
-2.150203370642386869e+00 6.621809601971459180e+00
-2.046202072743628086e+00 7.684936746661288787e+00
-2.301379980596667707e+00 8.539846870197317585e+00
-2.181612165703643580e+00 8.322078703480270789e+00
-2.149666411631956375e+00 7.261521359089431193e+00
-1.969878673436407768e+00 8.010578041180005826e+00
-1.796138450415967203e+00 6.864834023682626629e+00
-2.264774072892426826e+00 7.529557479287714017e+00
-2.154786749819614933e+00 8.073803645983335997e+00
-2.270597178653364523e+00 8.258339170824468667e+00
-2.280889623807973443e+00 6.742222704777685038e+00
-2.070092688852585905e+00 8.073640136332361550e+00
-2.028691468360694916e+00 8.287945902255497543e+00
-1.996421737028379439e+00 8.035152248143100806e+00
-1.950445889647977937e+00 6.507229532202262412e+00
-2.019651919226086001e+00 7.842629955270403741e+00
-1.867426613729237905e+00 7.466006863059964971e+00
-2.169134162021346235e+00 7.956580890154562269e+00
-2.084485634108518060e+00 6.941702507806049915e+00
-2.506985033028361620e+00 7.865814082758440406e+00
-2.037959838287749292e+00 6.767606327351613160e+00
-2.139249814056366272e+00 6.825397388049267100e+00
-2.221955930739414331e+00 7.968714025771629572e+00
-2.203750773523024176e+00 7.374508494517121093e+00
-2.032701942207453261e+00 7.843108289163680524e+00
-2.068493181791291935e+00 6.992124668740561155e+00
-1.919266954944453207e+00 6.819055132853547363e+00
-1.879368393667648851e+00 7.352410231657916739e+00
-1.947072288914137861e+00 7.335328144906367420e+00
-2.242709641679628607e+00 6.597177409037567664e+00
-1.983132768734809259e+00 8.332983944834957413e+00
-2.117998219424876538e+00 8.325533434948658496e+00
-2.293631125463205134e+00 7.117574125205568869e+00
-2.038760773112859859e+00 7.414833614553224095e+00
-2.274973278148149092e+00 7.778229532816864911e+00
-2.119699646323969677e+00 6.807280755862104904e+00
-2.256205999234388138e+00 7.320467900068038603e+00
-2.081050161984629554e+00 7.090368153209745117e+00
-1.970071153176123246e+00 8.350198620701375418e+00
-1.891555447399536627e+00 7.360767545859993710e+00
-2.009441902373059641e+00 7.762238096817539734e+00
-2.037649644689612405e+00 7.224640680817442373e+00
-2.080094273586930331e+00 7.688009173679763109e+00
-2.203971376675299521e+00 6.537976807540486490e+00
-2.060466488298398513e+00 6.643663393102904102e+00
-2.334805080787992093e+00 7.869798968020221608e+00
-2.177399393115551529e+00 6.820308178713080594e+00
-2.349106099878920606e+00 7.799868369348867958e+00
-2.050904969679407497e+00 7.516541769524853756e+00
-2.118064223507988064e+00 6.739013232358473715e+00
-2.209739069002785605e+00 8.466118058551378667e+00
-2.188761516985636923e+00 7.968372725831097902e+00
-2.129912515301393583e+00 6.889419302935265499e+00
-2.185246910685829658e+00 7.294765348298686725e+00
-2.072511471198104527e+00 7.724137082637534846e+00
-2.022660641898335054e+00 7.081854122252179806e+00
-2.195300037512899927e+00 7.615161603110233379e+00
-2.014935475172232149e+00 6.970718669690613822e+00
-2.030827821198069927e+00 6.789858434669541865e+00
-2.082371717733411121e+00 7.663985649213989504e+00
-2.444820446694563998e+00 7.669800038279937837e+00
-2.078192477996608112e+00 7.814853091858872780e+00
-2.158266552027222396e+00 7.733948784896131912e+00
-1.971103411612429301e+00 7.299525925587611930e+00
-2.055151649750289966e+00 7.310771148519136453e+00
-2.130243134935923877e+00 7.166253076255181043e+00
-2.071881860894592808e+00 8.132491318180482764e+00
-2.018751214642775516e+00 7.905539310288841826e+00
-2.175265996603399365e+00 7.846864951757681617e+00
-2.230439123103686416e+00 7.653204796915995090e+00
-2.010031373225590556e+00 7.045683896082895359e+00
-2.053625120944610138e+00 8.879040736891557373e+00
-1.963197637774737769e+00 6.002758050249926036e+00
-1.898567974455972918e+00 7.411442590586242218e+00
-2.182384536509133888e+00 7.780434549680143697e+00
-1.950889728335494677e+00 6.990968448888479791e+00
-1.959723827449837419e+00 7.071092257012988824e+00
-1.979202904152879583e+00 8.022518093561842534e+00
-2.201147339563525041e+00 8.794817414408688805e+00
-2.177850275756704868e+00 6.830839059811397718e+00
-2.012669385577607439e+00 6.190424656671844161e+00
-2.120774729588264851e+00 7.443236117339539604e+00
-2.143897933120440413e+00 8.462073445089732360e+00
-2.025746911934419803e+00 5.703533637931863076e+00
-2.168667743175634932e+00 8.146639814390022494e+00
-2.181537443881951255e+00 8.686777300668079960e+00
-1.902496060447522730e+00 7.177172690779968001e+00
-2.000140590790050243e+00 8.292137455621226394e+00
-2.270001142355120294e+00 7.627177173840099300e+00
-2.149613953165597557e+00 7.401399380876487299e+00
-2.104043393816686258e+00 6.942134777372697130e+00
-2.084674096906642848e+00 6.926084314800094788e+00
-2.110628152095785914e+00 7.487085638641438834e+00
-1.985526321842599584e+00 7.515438107138077584e+00
-2.121362141392759249e+00 7.252856137173712803e+00
-2.181645085225803360e+00 7.846796978203068207e+00
-1.953388132675088373e+00 7.540150646816371705e+00
-2.294340663899776978e+00 7.222509520433465724e+00
-2.010842403299181846e+00 8.124691935671592091e+00
-2.341337307145307634e+00 7.439843584155902079e+00
-2.116437276036065906e+00 7.131715587105366794e+00
-2.192982694092139972e+00 7.718056684369257958e+00
-2.120821158480623136e+00 8.196440133761093705e+00
-2.083893432973789039e+00 6.767655321007987723e+00
-2.154734514142592428e+00 7.271188970040101118e+00
-2.167191343677733695e+00 8.005232804242591982e+00
-2.091989152166579213e+00 8.440969589054448718e+00
-2.085678020986976300e+00 7.003637979386708956e+00
-2.175087308785946583e+00 7.602131685980234366e+00
-2.060231736546449532e+00 6.764331671302109328e+00
-2.057828037098916596e+00 6.362467629562657656e+00
-2.073027732832605441e+00 7.949919447792292537e+00
-2.138145791388420758e+00 8.178349505064520741e+00
-2.052713239382291555e+00 7.468050999528999867e+00
-2.169019788883101096e+00 8.247895950552257105e+00
-2.048487823615512848e+00 7.613335955992446280e+00
-2.032354383458908842e+00 6.798602304117446593e+00
-2.143043745983816084e+00 8.024142143261494553e+00
-2.303648224705836078e+00 8.974315339366190969e+00
-2.111164227149009420e+00 7.560638591043738366e+00
-1.984074434992890490e+00 6.703902969404337497e+00
-1.762684373961722839e+00 6.408737149843449110e+00
-2.048041903626339977e+00 7.477514898344395533e+00
-2.128892913530863851e+00 8.361547798301323553e+00
-2.117751966237427563e+00 7.230994262791548444e+00
-2.124311126609355060e+00 8.427771516001556051e+00
-2.296714578404198903e+00 8.372997630177099637e+00
-2.281840152637168551e+00 8.091961520991711510e+00
-2.023208214378689362e+00 6.659450742562239789e+00
-2.052545580045765039e+00 7.633605827137691868e+00
-2.087310425627300070e+00 7.758699452667928931e+00
-2.288433849066996206e+00 7.473051446749074955e+00
-2.257333432367100823e+00 8.236190311404218534e+00
-2.127171300196537551e+00 7.427506075298472510e+00
-2.067770804223419301e+00 7.473520100677779610e+00
-2.020424882019888457e+00 7.405403267885949603e+00
-2.068591430520351437e+00 6.503082070140045801e+00
-2.295489184882707256e+00 8.134677028390674636e+00
-2.211114211363206294e+00 7.916112331816641756e+00
-2.338231469201446533e+00 6.649663729404387880e+00
-2.366352119651879971e+00 7.643325408510247776e+00
-2.170920222008803080e+00 7.280413292063538933e+00
-2.154582473592837388e+00 8.058999662481600268e+00
-2.118229784689775297e+00 7.718870915376766284e+00
-2.042405157598550236e+00 7.164549635882526246e+00
-2.139727174017239886e+00 6.988006978498372490e+00
-2.174438108532063652e+00 7.772647744993746777e+00
-2.197961755715470478e+00 7.760253008927551654e+00
-2.052234169852799717e+00 7.013157726075172960e+00
-2.126114346901427865e+00 7.588463114639723450e+00
-1.974014209113519325e+00 6.779590321532072750e+00
-2.084916206294819663e+00 6.803443360072097157e+00
-2.269870236594392576e+00 7.877806683367562179e+00
-2.289743243428373098e+00 6.829766357635217666e+00
-1.924488204980131512e+00 7.990578473418181282e+00
-2.001987590471884904e+00 7.309254510569810570e+00
-2.042095477534036974e+00 7.309089988027790419e+00
-2.116832793905138566e+00 7.621589735550339917e+00
-1.981771210158254526e+00 7.715842491024166527e+00
-2.170049777346812370e+00 7.485165014009002249e+00
-1.914984912070458734e+00 6.405652841633814987e+00
-1.938964777186428678e+00 6.746386077959520833e+00
-2.120413207212726192e+00 8.437691337074268105e+00
-2.204503764052940351e+00 8.459299267502871089e+00
-2.136578580254360205e+00 8.063817963412287071e+00
-2.011811773236305001e+00 6.546383250421184741e+00
-1.912301808001496628e+00 7.553529687818457461e+00
-2.037961369490868258e+00 7.489647816172444905e+00
-2.089491768873245725e+00 8.556501340655152887e+00
-2.020419706875975496e+00 7.195423832485998261e+00
-2.062245385942969467e+00 7.908210558476730156e+00
-2.212580319077226410e+00 8.676974679471532781e+00
-2.065156136684044519e+00 7.916456320037139172e+00
-2.123542388379212831e+00 7.487627771484613781e+00
-2.171393287127644012e+00 7.539818067510077881e+00
-2.215684121523980643e+00 8.497481092106855982e+00
-2.207156273559107262e+00 7.678113099634870764e+00
-2.025625157281515154e+00 7.254172755361331326e+00
-1.900122244222018697e+00 8.177229698030032523e+00
-2.278744165887328421e+00 7.597700492230001323e+00
-2.038844503582561085e+00 7.983587481835909827e+00
-1.988753042310985819e+00 6.118576545757354879e+00
-2.106197873767583051e+00 6.895088209117144373e+00
-1.973613921808204275e+00 7.819036793401233254e+00
-2.219273280411276250e+00 7.931300583676376803e+00
-2.156538619217473585e+00 7.951097340805848290e+00
-2.016370398559677479e+00 6.883241373621035386e+00
-2.226906893706555923e+00 8.279662835540261057e+00
-2.172989382126076841e+00 8.442869322575029756e+00
-2.166280657762159390e+00 7.481564207278961653e+00
-1.796823293646443886e+00 6.338865375387176648e+00
-2.062536248202676337e+00 5.802761661733142340e+00
-1.910723160183938729e+00 7.172483889629495124e+00
-2.123278159872278525e+00 6.912453539272338077e+00
-1.983489929510758865e+00 6.398077113175426156e+00
-1.995332606977499035e+00 7.993570577428542379e+00
-2.132435163249693844e+00 8.552218024280207942e+00
-2.049858193199201484e+00 7.077306209729199438e+00
-2.126247614089349813e+00 6.920744047330689597e+00
-2.365088133884085231e+00 8.372680428376281014e+00
-2.094856006536340853e+00 7.607729864085193583e+00
-2.280924406290564921e+00 6.334263600634247204e+00
-2.160565808487088901e+00 7.866178094171929480e+00
-2.329134607340450636e+00 7.471152586490952707e+00
-1.936413296124022132e+00 7.336174637509791374e+00
-2.145012014169811021e+00 7.853413359696879148e+00
-2.115993215764790492e+00 8.456743058499654353e+00
-2.209150887372304695e+00 6.418947485939725084e+00
-2.032385850186476439e+00 8.010431037795232356e+00
-2.294728055758937124e+00 8.347653678407857214e+00
-2.130657898629235270e+00 7.563662144159761347e+00
-2.211957137814244856e+00 7.619302541468297107e+00
-2.244763066266136864e+00 8.329793672477055821e+00
-2.104119265849980991e+00 7.079218030174744491e+00
-2.041590375796026535e+00 7.565360613505466070e+00
-1.905116969041124486e+00 7.721064736624241753e+00
-2.111716557658625426e+00 7.434459706443075078e+00
-1.980647981039229455e+00 7.652524731434700911e+00
-2.115808811834166914e+00 7.516550525040062602e+00
-2.335212697021707307e+00 8.126171732300869976e+00
-2.107350324273910669e+00 7.337324172583956639e+00
-1.965152002210432736e+00 7.728782618452700426e+00
-1.933706729964053128e+00 6.949404577798161675e+00
-2.229146922521922036e+00 7.633702715064104360e+00
-1.870349065914924225e+00 6.847077334502720269e+00
-2.213578938640083926e+00 6.289383605001653166e+00
-2.127272665711673838e+00 8.240479382782783802e+00
-2.259332736297783306e+00 6.952999882540320975e+00
-2.033672687503906840e+00 6.776719512237650456e+00
-2.044208391429991334e+00 7.187071592624276306e+00
-1.992254815349065122e+00 7.146314835310091595e+00
-1.737650630321241119e+00 6.259391110573465866e+00
-1.923518993594247828e+00 7.598516617664161643e+00
-1.973808471828414124e+00 6.600987357879276374e+00
-2.140721875011696529e+00 8.284198802221125035e+00
-2.046197861466656942e+00 7.217180671069660214e+00
-1.920235632370934642e+00 7.368486955767567181e+00
-2.342071644071848979e+00 8.430768048183495011e+00
-2.006513053507665845e+00 7.853515492132485676e+00
-2.210564622701352011e+00 7.408360489282154404e+00
-2.345344024683340578e+00 8.656510860622002923e+00
-2.228845644481293853e+00 7.525007085055647416e+00
-2.173762621983598819e+00 6.961740264362541453e+00
-2.209264337166153780e+00 8.453087205921626435e+00
-2.162225185248529247e+00 7.382169440789502879e+00
-2.238320678670019159e+00 7.829473824308500696e+00
-2.309933505900295003e+00 8.067702476846941195e+00
-2.189268272278354299e+00 7.284165808893963145e+00
-2.013290975656681248e+00 6.871457329978998274e+00
-1.792928860860950380e+00 6.473698301848310521e+00
-2.107778189407836678e+00 7.300889985154344508e+00
-1.954044109159478237e+00 8.029040952803123687e+00
-2.262482976261567913e+00 8.426511560293494796e+00
-2.061320758696723043e+00 7.324486902698343904e+00
-2.036063139917235087e+00 7.959517446389389406e+00
-1.845275374268483759e+00 7.011184066553146188e+00
-2.082686323712049425e+00 7.838241811530569869e+00
-2.148109220268553443e+00 7.225408901838588527e+00
-1.927172368601913544e+00 7.248614506430040905e+00
-2.041164515026615334e+00 7.004336861437876038e+00
-2.301415650526509094e+00 7.269289880490129363e+00
-2.184056350484071096e+00 7.395049306707690562e+00
-1.990044484883397802e+00 6.675725216810585394e+00
-2.036235234855520826e+00 7.685344817220998159e+00
-2.162110186902578057e+00 8.166597696873010293e+00
-1.856070400333792225e+00 7.729117329563275796e+00
-2.344207509694010039e+00 7.350466069149862669e+00
-2.295702995539801172e+00 7.915291890347003090e+00
-2.065222869230259217e+00 8.029899854451405972e+00
-2.229838872430052188e+00 8.402274929084832422e+00
-2.036444057416776143e+00 6.639981177335354978e+00
-2.158588086080295287e+00 7.229922898317886037e+00
-1.869797093025002965e+00 6.579197369277488328e+00
-2.272397110862362624e+00 8.293679632892764886e+00
-1.971482255984552401e+00 7.734738786285252132e+00
-1.838403089518647837e+00 8.087330687862094081e+00
-2.117236041862592177e+00 8.352699121897256163e+00
-2.168604762068458758e+00 7.639654188367651422e+00
-2.017035713720169543e+00 7.050258141679641710e+00
-2.141730294548284341e+00 8.215359300947500998e+00
-1.983451962084535225e+00 6.473587726396010211e+00
-2.173786512136188787e+00 7.857438435341274285e+00
-2.181543593486219290e+00 6.195190288921517130e+00
-2.212456649363525596e+00 7.043762428404405362e+00
-2.039301870410225703e+00 6.093658942687306457e+00
-2.113639633256116923e+00 7.698863451708310102e+00
-2.052345866572676147e+00 6.987478956774853422e+00
-2.257957137150759852e+00 8.415350536328267239e+00
-2.228523995526314749e+00 6.684483121879745582e+00
-2.171569762045190810e+00 6.435246157119157928e+00
-1.980383525834605418e+00 6.551104004935987213e+00
-2.292559507385488526e+00 6.578132024654361310e+00
-1.978352099532718400e+00 7.350727202725699350e+00
-2.039678716359602184e+00 7.480979169133634699e+00
-2.047168098735225428e+00 7.393986248602463007e+00
-2.093200464084341128e+00 6.837409074281158183e+00
-2.181221297700688400e+00 7.561558110430927293e+00
-2.196687972637393127e+00 7.300562779810052305e+00
-2.108581526006329643e+00 9.000427875295651248e+00
-2.207474980251133534e+00 7.171364552812225845e+00
-2.243074525379752160e+00 7.581927459614663967e+00
-2.186026111152517881e+00 6.967027194091462761e+00
-2.150682956579510474e+00 7.830073901863104702e+00
-1.946791089132971386e+00 6.671455681804911997e+00
-2.176328058709122271e+00 6.553045499663347151e+00
-2.030567022601010407e+00 8.682278864631088666e+00
-2.185926929015798326e+00 6.897256786552419250e+00
-2.415701554086566283e+00 7.475156198221028170e+00
-2.106058250784518027e+00 7.329247257838025220e+00
-2.341812898476587801e+00 8.078063729250464675e+00
-2.112225846417315811e+00 7.366128681318933502e+00
-1.700274707812551078e+00 6.571246958685475370e+00
-2.059788841050561814e+00 6.925660533681428532e+00
-2.069896982337379843e+00 7.867519722528154347e+00
-2.155008865422989750e+00 7.393526974251962258e+00
-1.972008737884725305e+00 8.273518122080195880e+00
-2.008328154571853208e+00 6.701956431055746677e+00
-1.934385632449939330e+00 7.658488313606182096e+00
-2.189767950172735400e+00 8.271089584757358892e+00
-1.895013042598782782e+00 7.488077341796942399e+00
-1.963916812372707987e+00 7.705877964480751352e+00
-2.097622278960480813e+00 7.705264531265617833e+00
-2.151951769271800874e+00 6.884943509327184685e+00
-2.016129059125467027e+00 7.572265656959184632e+00
-2.193428855999793203e+00 7.967971993405221554e+00
-2.190970675020877945e+00 8.525959082294225055e+00
-2.143273087401827315e+00 7.351202407028623931e+00
-2.261256828128700658e+00 7.824223291462701901e+00
-2.211495177260481615e+00 8.349300582962674966e+00
-2.225491740760245030e+00 6.433040547950246157e+00
-1.931212370932537503e+00 6.656875551310218242e+00
-2.037859472484292667e+00 7.164136449870650125e+00
-2.289732934649611806e+00 7.665149207069283044e+00
-1.895032063420729385e+00 7.337492257513806848e+00
-2.053021785523267084e+00 8.103506071383607789e+00
-1.914328408951013527e+00 7.569356988030396138e+00
-2.197992200427283827e+00 7.610388358868464209e+00
-2.011991098784472687e+00 6.966658512296044492e+00
-2.168487296075809034e+00 8.433403514560668057e+00
-2.083081703207862123e+00 7.033978196416529549e+00
-2.053550995208390351e+00 6.175652687361570692e+00
-2.018597515522464025e+00 6.700620382983036194e+00
-2.098971180931629821e+00 7.836439810402858086e+00
-2.203808430400509444e+00 8.006540267029965463e+00
-2.021164047468920977e+00 7.930141202675643264e+00
-2.291483509964019394e+00 8.293920706654455799e+00
-1.945811490433923874e+00 7.141402740992261577e+00
-2.187072185858566886e+00 7.604825826691391732e+00
-2.340430729101016016e+00 7.282687267427337297e+00
-2.191091871106578548e+00 7.133838504623395416e+00
-2.348833980380705899e+00 8.143479402921412813e+00
-2.036633069777562532e+00 8.159575812417848795e+00
-2.131364153693088959e+00 7.862448462139644434e+00
-1.970025088023301896e+00 7.930766128293008421e+00
-2.348521528350965504e+00 8.304968066045377739e+00
-2.125491545079535527e+00 7.867150272883946194e+00
-1.860648354419263795e+00 6.407056800762745752e+00
-2.164423512042078279e+00 8.055896917521074840e+00
-2.087861174083778248e+00 7.124404529169928502e+00
-2.180917549622135798e+00 7.396997198882364621e+00
-2.035471818902314212e+00 7.121872501782005038e+00
-2.069491010289210120e+00 7.992940990842258842e+00
-2.158694257629774960e+00 7.821728948548478222e+00
-2.023282986643985204e+00 7.484820712888789807e+00
-2.151556010550965681e+00 7.278149468593252180e+00
-2.188251109256494242e+00 7.122302366036266541e+00
-2.066077799030636708e+00 7.904528261004383438e+00
-1.997660974156268310e+00 6.728537197102117062e+00
-2.008793727133156182e+00 7.585085488616301497e+00
-2.036233347636111635e+00 6.955657692799108283e+00
-1.965439071735638032e+00 7.361295339567753615e+00
-1.995786681346086500e+00 7.019415965063115159e+00
-2.161736641595236375e+00 8.092606088639703543e+00
-1.965682651217567800e+00 6.419057343225101242e+00
-2.164651776535707395e+00 8.270398610142732920e+00
-2.141144011755065968e+00 7.716590255480337390e+00
-2.204761189259956566e+00 7.453042105579262611e+00
-2.136239259682449543e+00 7.621863571845961971e+00
-2.226567507252014799e+00 7.963033359406334277e+00
-2.131838193241340385e+00 8.756729092964429029e+00
-2.171389304709347545e+00 7.116547044020297363e+00
-2.043767219987155936e+00 6.813689164741145277e+00
-2.116546512921996470e+00 8.298063153230540223e+00
-2.177853195420724752e+00 8.370326755147379671e+00
-2.319676476886074923e+00 8.055159675063523039e+00
-2.096406138486549331e+00 6.667414072215529508e+00
-2.020834296084294657e+00 6.498481238738529342e+00
-2.094337421893621265e+00 7.723845475802463945e+00
-2.108115553826392929e+00 7.918172885079618695e+00
-2.250114701608519230e+00 8.115834904254425552e+00
-2.044449874596759642e+00 7.355254910078553365e+00
-2.066275696069587831e+00 7.506064763010113161e+00
-2.114005359506021531e+00 8.092214859825864082e+00
-2.021322255166909887e+00 7.022988288966946158e+00
-2.303649128797461199e+00 7.755789374320417373e+00
-1.965535456579885709e+00 7.240280688156450317e+00
-2.212045419137794511e+00 7.280326148805142950e+00
-1.971957850062986184e+00 6.884890036945004788e+00
-2.118323463637862503e+00 7.260618464835930652e+00
-2.257224782885332459e+00 7.904690561229335444e+00
-2.089707545466600536e+00 7.042149854066123815e+00
-2.164953812692822943e+00 6.916464100686974703e+00
-2.221243237316835373e+00 7.167572539544752708e+00
-2.116432343429051066e+00 7.572857975264375874e+00
-1.992557690605677445e+00 6.979858778373675854e+00
-1.958783340836611986e+00 6.951721650430990884e+00
-2.076484396801232091e+00 6.922099808537059751e+00
-2.129351561317646802e+00 8.035393915672280230e+00
-2.122064336764676984e+00 7.449223992577142184e+00
-2.128030892932986973e+00 8.232258552427190068e+00
-2.224383882088735387e+00 8.234650342349336682e+00
-2.081761112479099118e+00 7.179316202384239176e+00
-2.124545427464787029e+00 7.697745940781125285e+00
-2.034864257910836471e+00 7.683914616140162579e+00
-2.023342639733810344e+00 8.147295259228590325e+00
-2.158087859245073847e+00 7.539098448599521163e+00
-2.061363957272635883e+00 7.288426091871003543e+00
-2.019526272103761233e+00 7.444067891464341002e+00
-2.052893106296130199e+00 7.804166869941344231e+00
-2.006249734851217603e+00 7.038800808738372439e+00
-2.175106927456717631e+00 8.332444293489016829e+00
-2.007904802495284358e+00 7.495369676119881142e+00
-2.200968977257971027e+00 7.612774772207683505e+00
-2.016234166710141551e+00 6.494106768808467933e+00
-2.144754945137948177e+00 8.262785370458461287e+00
-2.046005525610299358e+00 6.779349804620870223e+00
-2.157651479644346448e+00 7.888784425954306734e+00
-2.072240785575796718e+00 7.610061609984360764e+00
-2.143931889886275588e+00 7.623832048189139066e+00
-2.000140302063888598e+00 7.386361678194644398e+00
-2.193190970542982399e+00 7.765565940141097911e+00
-2.092175208817278254e+00 6.833671885722472972e+00
-1.976105356056040652e+00 6.467268683178005517e+00
-2.056193237034955601e+00 6.782149575948677622e+00
-2.197580235639371438e+00 7.633453854673213357e+00
-2.155552779577328160e+00 7.439806952593664313e+00
-2.078193279599606758e+00 8.330832099192068796e+00
-2.138263935303931884e+00 8.489617898872976909e+00
-2.180312126879864199e+00 7.846112910544781549e+00
-1.999866740477101112e+00 7.383692860836166716e+00
-2.049331466957325709e+00 7.582444622829067171e+00
-2.066430812936189021e+00 7.198398862089391059e+00
-2.120045655305752508e+00 8.479634283025575314e+00
-2.215605240283960775e+00 7.909063810097542557e+00
-2.089666641046812323e+00 6.821427332756773154e+00
-2.272512795385366768e+00 8.016268048743260266e+00
-2.074213564123532638e+00 6.369580392324351692e+00
-2.132172421877634783e+00 7.442331131722086823e+00
-2.113773227753471762e+00 7.870935606224310099e+00
-1.932880340788832862e+00 6.890864032522324933e+00
-2.115467560876966413e+00 7.686382626650638983e+00
-2.227293932017188283e+00 8.030379707332025774e+00
-2.107655346791955875e+00 8.090193585013748745e+00
-1.953026134746217446e+00 6.936011767905873704e+00
-2.183281392282709010e+00 8.048390685015021973e+00
-2.040259915026772397e+00 7.007930723506312631e+00
-2.154964160777812054e+00 8.224289178464426087e+00
-1.935142973237403918e+00 6.913212289850910963e+00
-2.117737318951235626e+00 7.896080700112631412e+00
-2.048717146918330734e+00 7.502690951581949541e+00
-1.929419995415075251e+00 6.436218007261163443e+00
-2.141723243198629056e+00 8.232894119409175815e+00
-2.142577594934428120e+00 7.729077923298637742e+00
-1.995173111898590923e+00 6.752490525697830037e+00
-2.203682842779572493e+00 7.477586608597962758e+00
-2.159933108982777128e+00 7.191991950757813612e+00
-2.031745477618769335e+00 7.188056694304033378e+00
-2.046099913994988029e+00 8.205861049868865109e+00
-2.227586959694414226e+00 7.718351844195061595e+00
-2.047697189061461920e+00 6.706109543377523963e+00
-2.048794110437500926e+00 6.516906679767322075e+00
-2.038334314374978806e+00 7.094389108472198835e+00
-2.239824045583133305e+00 7.245980527448788955e+00
-2.310118678111428014e+00 7.830869270098077983e+00
-2.117578927890584328e+00 6.649649100179838790e+00
-1.982338043757519097e+00 7.050866364508200590e+00
-2.121091136561457091e+00 7.447072043848418588e+00
-2.055988410678983414e+00 7.952321710022604684e+00
-1.976634891527215165e+00 7.058589424218832065e+00
-2.030805717137689648e+00 7.320942352476865977e+00
-2.156205692063053014e+00 7.815172503720149599e+00
-2.136452698858312349e+00 8.243653736240103669e+00
-2.076786659432421356e+00 7.823918317046373971e+00
-2.014296952808273922e+00 7.727467929696775428e+00
-2.085917954737600333e+00 7.500140375362598810e+00
-2.189563129532591468e+00 7.936232661511296804e+00
-2.100203408813106520e+00 8.007934785910723718e+00
-2.071858384311903389e+00 7.341538108565236698e+00
-2.180682579267082311e+00 7.945114192274059128e+00
-2.139844085987118394e+00 6.530827689053165130e+00
-2.025923863203089148e+00 7.295981704248603705e+00
-2.189063774380907823e+00 7.910698662862517772e+00
-2.130672572386058672e+00 7.966561549368778472e+00
-2.198734229540931562e+00 6.950806847876378036e+00
-2.140097938011619849e+00 7.616108923614640425e+00
-2.061721309677155833e+00 7.761367297868516424e+00
-2.049311434074991833e+00 7.416260279085287621e+00
-2.033850296651985357e+00 6.706737915654241711e+00
-2.068182485228933221e+00 7.939094356566822164e+00
-2.050999782500892987e+00 7.222433064273021230e+00
-2.137032618596226730e+00 7.066239671882102336e+00
-2.085747277638584141e+00 7.720075536432848828e+00
-2.007297691210043311e+00 6.850479935478394289e+00
-2.168414802541065001e+00 6.493919639597286242e+00
-2.085971771290092036e+00 7.973116991459536784e+00
-2.081304911313275330e+00 8.179939816329509839e+00
-2.142253838097474716e+00 6.742193573217229563e+00
-2.124296608300126898e+00 7.784105456775024301e+00
-1.974153939267264679e+00 6.454295897788868253e+00
-2.242427483979332337e+00 7.995212885969836591e+00
-2.036416975537026719e+00 6.807682216486297122e+00
-2.126775832697956670e+00 7.640167012633968469e+00
-2.104917935391737771e+00 6.623921390925638697e+00
-2.076448593805350296e+00 7.528946122401151797e+00
-2.257407919685176623e+00 8.397791583154315731e+00
-2.140857111821064418e+00 7.940166964812960693e+00
-2.159279555665890804e+00 7.662043949457800096e+00
-2.060522756291652602e+00 7.754385294041918009e+00
-1.969060037589879908e+00 7.213051105335820168e+00
-2.159622285192926316e+00 7.551123413635841608e+00
-2.112738914526016032e+00 8.030026617747575202e+00
-2.183761991260196211e+00 8.037163286508564042e+00
-2.176570402352269618e+00 6.843474156863191382e+00
-2.052370902572128841e+00 7.881495222020951097e+00
-2.097304183652279885e+00 8.292193430617968986e+00
-2.062603971067223707e+00 8.103336710410266264e+00
-1.954189656452667956e+00 6.768288865099242102e+00
-2.062293426146387887e+00 7.839649502206483156e+00
-2.014732794536895355e+00 7.739655949158237291e+00
-2.171568270404503398e+00 8.021535954017046777e+00
-2.058028008054382241e+00 6.936079412929306187e+00
-2.339563958919862241e+00 8.049609335068243610e+00
-2.073806133093387682e+00 6.838347741868924246e+00
-2.096429329378011186e+00 6.917626954101161019e+00
-2.197756638600562695e+00 7.890879826200686509e+00
-2.188027059538282693e+00 7.526392192828510908e+00
-2.110885079575551604e+00 7.976096345330155657e+00
-2.018400866483603728e+00 6.994067521324778269e+00
-2.039408342511449312e+00 6.953926958825851656e+00
-2.016836932013683192e+00 7.343731882278206058e+00
-1.991262378418286350e+00 7.174421281333264844e+00
-2.188138481141002067e+00 6.993278295533187361e+00
-2.054255118532881674e+00 8.203387715415136228e+00
-2.148732436018136127e+00 8.321838624358182557e+00
-2.188793009280344481e+00 7.446923330963903354e+00
-2.095880282436589415e+00 7.546609017012089637e+00
-2.179535041157295350e+00 7.725092075428677596e+00
-2.079278558603807614e+00 6.825015818713319860e+00
-2.144215680437896232e+00 7.414831989330565420e+00
-2.058346544517541510e+00 6.975856823800507200e+00
-2.055613091894632927e+00 8.454019570078171952e+00
-1.977156681893092349e+00 7.465979568378920739e+00
-2.040820230577800931e+00 7.720110304973773374e+00
-2.028934457027806282e+00 7.366997925668584912e+00
-2.138409081381537735e+00 7.604576716120490687e+00
-2.139440101750949008e+00 6.534905556469629673e+00
-2.062485648837375951e+00 6.604440225225659766e+00
-2.225431547823931044e+00 7.811562266711649549e+00
-2.099301693001662361e+00 6.592826920225979492e+00
-2.256061713640466149e+00 7.624851088085131678e+00
-2.115419432265003952e+00 7.507429479651762882e+00
-2.081975209912278135e+00 6.724834688121768878e+00
-2.193068376189380775e+00 8.294752216763569663e+00
-2.172883156137296101e+00 8.062950300711051455e+00
-2.127059540502385548e+00 6.989597685238839730e+00
-2.120208249062816463e+00 7.678505525440450619e+00
-2.097408364671461634e+00 7.940338672386475061e+00
-2.023233723520977190e+00 6.992863355133459358e+00
-2.140688936335205295e+00 7.541917458536472552e+00
-2.010736579888347642e+00 6.865370615105174323e+00
-2.057566671247211598e+00 6.845089577544767323e+00
-2.138835982610021169e+00 7.639484347224233751e+00
-2.310197986878824494e+00 7.821711279836413233e+00
-2.121766837026646257e+00 7.545361542661195742e+00
-2.149203268728336003e+00 8.049393212964641720e+00
-2.038509254151216421e+00 7.487453825732038659e+00
-2.069714944193693285e+00 7.521923939554015170e+00
-2.072006257967974996e+00 7.064700664906268912e+00
-2.156602104357552729e+00 7.998961255903476619e+00
-2.087064733716506471e+00 7.835941764165927914e+00
-2.158325357805169986e+00 7.728663393891917366e+00
-2.170224944379379295e+00 7.519685666980961081e+00
-2.015101008221043433e+00 6.783633757294357025e+00
-2.099986939705314803e+00 8.513105600441331688e+00
-1.961814279949409601e+00 6.356842230963644980e+00
-1.967112883020854630e+00 7.367391960522619243e+00
-2.135553818990537422e+00 7.783376058099693573e+00
-1.981360816315860029e+00 6.962606624398633315e+00
-2.011807056878801792e+00 7.062905277282601091e+00
-2.035573724260404838e+00 7.647999652029301210e+00
-2.164935647553126508e+00 8.559376703045641577e+00
-2.104446502989854917e+00 7.074819333586311210e+00
-2.057935683190662335e+00 6.596353949026262597e+00
-2.091678381013147625e+00 7.620423443517844397e+00
-2.148970926214583521e+00 8.318667371093694030e+00
-2.009338291500587736e+00 6.209620374557507816e+00
-2.171311222462392720e+00 8.118598938069117921e+00
-2.206851738663589746e+00 8.485210039317976793e+00
-1.952804663757851111e+00 6.955816194600390467e+00
-2.086174320572975915e+00 8.294196406982628389e+00
-2.204457726232340598e+00 7.781023807485320631e+00
-2.149523274251422755e+00 7.360059063420320236e+00
-2.057560860729901631e+00 6.844906769626991405e+00
-2.062913970971874011e+00 6.813679990201397807e+00
-2.068018966093794209e+00 7.533248514211686953e+00
-2.033884610600692699e+00 7.220448718276250233e+00
-2.156128380355032181e+00 7.500053248403736106e+00
-2.149312553541555815e+00 8.067019678533810634e+00
-2.013224606051299492e+00 7.750742154942777518e+00
-2.210123925165325520e+00 7.130629018916679662e+00
-2.035850358654126779e+00 7.827846096467879988e+00
-2.257362017848952629e+00 7.715201284844603435e+00
-2.099803268312497639e+00 7.145883625376661108e+00
-2.105144815592495444e+00 7.574205116213157396e+00
-2.149518812369456633e+00 7.959760406687829359e+00
-2.088143141753937115e+00 6.733948741142361527e+00
-2.133367554277579625e+00 7.124692391461294960e+00
-2.126205967286605159e+00 7.838548992618406430e+00
-2.158805475346483593e+00 8.297911879944825486e+00
-2.104971737595783488e+00 7.177424088381403777e+00
-2.204346495962575148e+00 7.849443664509783147e+00
-2.044616938876275825e+00 7.109653935065217922e+00
-2.024250742761080524e+00 6.565178766119997178e+00
-2.061357161495680046e+00 7.894359844287307304e+00
-2.099211450824917335e+00 8.108085341635531407e+00
-2.065209673180565364e+00 7.277915775317399749e+00
-2.185657340929865633e+00 8.094258641365033924e+00
-2.097834333945171714e+00 7.441249575493658064e+00
-2.033505993530092759e+00 6.874595687693448198e+00
-2.162275094416268750e+00 7.696000100495773211e+00
-2.193717551741066085e+00 8.651911270012140776e+00
-2.123781613945653568e+00 7.398604317825864918e+00
-2.009167468811793533e+00 7.007496624339033531e+00
-1.886125969628199339e+00 6.755420015695396074e+00
-2.062921338014759076e+00 7.637922642290798869e+00
-2.097327911367452113e+00 8.333344990636209815e+00
-2.098700024585163693e+00 7.292713005243426139e+00
-2.160198744698746065e+00 8.119934478248048038e+00
-2.251222019808774899e+00 8.253003384723484714e+00
-2.185220054228683040e+00 7.786399818448434651e+00
-2.064612330569003174e+00 6.842640946863177476e+00
-2.090706285056944225e+00 7.986960620090782115e+00
-2.102919132591307250e+00 7.891843988148003142e+00
-2.234691262303518666e+00 7.447070684051496414e+00
-2.188838936220374176e+00 8.266426989813998816e+00
-2.098190440078192331e+00 7.403363355611330299e+00
-2.079426773715506105e+00 7.645650765443109620e+00
-2.083019435547475595e+00 7.450587985438319905e+00
-2.070200336435626731e+00 6.662151158706309140e+00
-2.224870840633377256e+00 8.103860620384272906e+00
-2.205252036718533315e+00 7.841344784387642264e+00
-2.190590824761099231e+00 6.967083512960027036e+00
-2.230243045519917811e+00 7.540194427778572184e+00
-2.139859072506039350e+00 7.024925705185886216e+00
-2.117530544718715824e+00 7.994605251443713811e+00
-2.066516948973895484e+00 7.504043307143695607e+00
-2.064663555269358408e+00 7.117726183290003839e+00
-2.105020913724867437e+00 7.167553228768176687e+00
-2.173118602958969969e+00 7.731008934918168762e+00
-2.153657778765671882e+00 7.830921562919859191e+00
-2.027545149319019746e+00 7.111600894484531921e+00
-2.177387429210126957e+00 7.577440055649794282e+00
-2.010412696666624921e+00 6.654819126437177879e+00
-2.026047161463587987e+00 6.855286130029512037e+00
-2.230296455635229602e+00 7.947965876877801428e+00
-2.185725457434095187e+00 7.063988525900411375e+00
-2.019109648360535303e+00 8.157111909684173767e+00
-2.067526960447530371e+00 7.618365833252986441e+00
-2.053740084037759317e+00 7.357462100488843859e+00
-2.131588089851372381e+00 7.854709633613827791e+00
-2.055784020109338250e+00 7.943188849793764383e+00
-2.142246703942125574e+00 7.538740319703682857e+00
-1.992918923193242264e+00 6.575097682977556701e+00
-1.970222640410528081e+00 6.887862968560112265e+00
-2.108728245551355407e+00 8.437515817392124973e+00
-2.172233393930214085e+00 8.518368829107366480e+00
-2.168855784577571999e+00 8.150549139766038564e+00
-2.024893572180147761e+00 6.708343571447406894e+00
-2.014613943874925095e+00 7.879664828233695850e+00
-2.067695059708913874e+00 7.708655504659706281e+00
-2.164045409411222920e+00 8.356853755870709222e+00
-2.010165019546529042e+00 7.178028117591967572e+00
-2.142598203698982129e+00 8.110593455281600583e+00
-2.161949954960389331e+00 8.539562634470589941e+00
-2.048500524727288497e+00 7.732714419197326272e+00
-2.067178724707943616e+00 7.510814756352275801e+00
-2.125378949971943321e+00 7.256799988554751835e+00
-2.216316022994710533e+00 8.271891452092319241e+00
-2.202232113423711723e+00 7.826487867754218897e+00
-2.122933326255952657e+00 7.538897413855372598e+00
-1.999847200849419249e+00 8.188362827618915318e+00
-2.202950645851688094e+00 7.652576444210213324e+00
-2.039159312397009760e+00 7.901484431669659081e+00
-2.021517088828314268e+00 6.311191765201471071e+00
-2.120820686089330831e+00 7.109270005348230725e+00
-2.003142069151983229e+00 7.547658335812001518e+00
-2.168564268809145545e+00 7.907837185729328588e+00
-2.164066871146429705e+00 8.045385989155846573e+00
-2.030803752438873122e+00 7.208404048280758758e+00
-2.147840053818564243e+00 8.133987559724081606e+00
-2.153815896787497852e+00 8.224306718347190071e+00
-2.164461936674717535e+00 7.735696632163619135e+00
-1.906695132739256282e+00 6.582004375178260425e+00
-2.042287131103061704e+00 6.166567859492269932e+00
-1.960029721601448394e+00 6.876978404473224948e+00
-2.066217737848869973e+00 6.818486340391649136e+00
-2.022773957802170397e+00 6.805536156237919521e+00
-2.083219536356806678e+00 8.317183956224777575e+00
-2.145271834641527597e+00 8.284830109666915021e+00
-2.088786728731743203e+00 7.127977500460231042e+00
-2.099685296860979378e+00 7.073741192931127131e+00
-2.290025117793513143e+00 8.430882393646273343e+00
-2.061057401031855640e+00 7.451045964735939720e+00
-2.187049700165803578e+00 6.637405591490574963e+00
-2.199503346433020923e+00 7.884553437753438310e+00
-2.240822123670341615e+00 7.681503480756189717e+00
-2.008002460923978827e+00 7.560828694665052474e+00
-2.143049830911957443e+00 7.857221347823307056e+00
-2.137916208896452730e+00 8.276238119976675023e+00
-2.085898473713647228e+00 6.589992476818838263e+00
-2.068179353566768519e+00 8.274523223119812698e+00
-2.181488394083759275e+00 8.254244098072943459e+00
-2.189771457679798417e+00 7.872834406141473451e+00
-2.129784434125654435e+00 7.834531713442965284e+00
-2.185749312449768667e+00 8.246245601122275559e+00
-2.091916945400014161e+00 6.928880131177382218e+00
-2.031804614988052204e+00 7.443536726053777919e+00
-1.990978369419695415e+00 7.445590378746859805e+00
-2.039454479474086313e+00 7.106732099431031457e+00
-2.093122898360172623e+00 7.816181037100497164e+00
-2.125331283320468501e+00 7.511564299286914270e+00
-2.273691887881206242e+00 8.213698607920912664e+00
-2.133064450845219007e+00 7.280699503317214827e+00
-2.013670716667110838e+00 7.838207594027369218e+00
-1.976680621756311540e+00 6.732245977618273258e+00
-2.128405750687834441e+00 7.424378489322095653e+00
-2.000156375307898582e+00 7.102372657251808441e+00
-2.153358852885667751e+00 6.691291909096840129e+00
-2.148838825980756262e+00 7.975292207726089266e+00
-2.206036780807290043e+00 7.176946708597549573e+00
-2.061729930018913137e+00 6.658619950356230888e+00
-2.043586559563492333e+00 7.049513931003356326e+00
-2.040363518385839292e+00 7.316656665913340518e+00
-1.863591477590949452e+00 6.412802219451292807e+00
-2.015803341869956800e+00 7.700699816891830807e+00
-1.970563767240380404e+00 6.616846424792317549e+00
-2.175220173107016208e+00 8.294086404741598528e+00
-2.039807754333769818e+00 7.445812723706558778e+00
-1.990217319123912310e+00 7.467409623311823452e+00
-2.252619949688776213e+00 8.236912640108199568e+00
-2.079915413664247037e+00 8.112960880267522157e+00
-2.175759948451731152e+00 7.438138415040437046e+00
-2.267699747488752138e+00 8.392881310947757356e+00
-2.153225887068083377e+00 7.298025060310425083e+00
-2.164927723345042576e+00 6.991439713585472226e+00
-2.171272118401572193e+00 8.294108109396290729e+00
-2.182615806535626479e+00 7.595303607909292154e+00
-2.199980319703667586e+00 7.978303001868894739e+00
-2.257302698341360436e+00 7.923796021710472814e+00
-2.146399240249110996e+00 7.079271491052383958e+00
-2.073416900469799540e+00 7.280754844598666509e+00
-1.920311999362961375e+00 6.558622950825845344e+00
-2.046270663370777232e+00 7.008745847537791285e+00
-1.990054887350965807e+00 7.701390692444072705e+00
-2.211330909321980176e+00 8.457471456347628092e+00
-2.115344886730263774e+00 7.264352980695925055e+00
-2.063022293792772910e+00 8.213683830317656032e+00
-1.969892891794862155e+00 7.253419250810624774e+00
-2.080572087249343838e+00 7.918443198904775215e+00
-2.123390873612018837e+00 7.204054213072019763e+00
-1.986979321611574312e+00 7.324457357863257023e+00
-2.060522194889978564e+00 7.012036884773712231e+00
-2.201953529925531505e+00 7.254415374333197164e+00
-2.181248564157012293e+00 7.580179081421527520e+00
-1.990777334548946786e+00 6.886159711728353727e+00
-2.142873269114600188e+00 7.812252979478082615e+00
-2.180849851776584192e+00 8.287975449304116893e+00
-2.003494058913639631e+00 7.905591318224614916e+00
-2.218392362123490003e+00 7.148913515335443947e+00
-2.229616225156454856e+00 7.861134793267428478e+00
-2.121559894537201618e+00 8.008599912104518381e+00
-2.173058833343978424e+00 8.352492632896471036e+00
-2.111948221109275714e+00 6.985454384577943543e+00
-2.110859333651982084e+00 7.535443246512514293e+00
-1.922803357679045089e+00 6.606157885684163844e+00
-2.234961035568797882e+00 7.966400393452039097e+00
-2.043046500590632863e+00 7.828098695674519547e+00
-1.982350314025424387e+00 8.182011283511522848e+00
-2.139626698619305323e+00 8.046584682002011490e+00
-2.121591593940131748e+00 7.500366598310200139e+00
-1.994794932104692275e+00 7.111278765068492547e+00
-2.170905251322275742e+00 8.396618284796524279e+00
-2.003200455269231295e+00 6.606067213800892901e+00
-2.191424316807237815e+00 7.990230286078047861e+00
-2.161376356635489326e+00 6.493507706532645862e+00
-2.157499729015780243e+00 7.197874533342153214e+00
-2.017425748702932342e+00 6.357866497652820748e+00
-2.137291874507011080e+00 7.846490071588129389e+00
-2.064225450531286032e+00 6.827074506864648562e+00
-2.194454712959465592e+00 8.281564730193924362e+00
-2.177018492733736377e+00 6.872866596865061517e+00
-2.054032194284979962e+00 6.484678978288072493e+00
-2.013424569415673826e+00 6.783046638802621153e+00
-2.186036538242988492e+00 6.630529532914881230e+00
-2.046221530784249509e+00 7.551815358122257571e+00
-2.050211915776909422e+00 7.469988638809213377e+00
-2.048257603520801773e+00 7.270501049609030986e+00
-2.107520605855132345e+00 7.251298713259813233e+00
-2.143651886399689399e+00 7.583011462081726606e+00
-2.078914990038851940e+00 7.172211506486827481e+00
-2.122373361573977935e+00 8.581758433408579023e+00
-2.137909780706368945e+00 7.183710906694691367e+00
-2.160950440555221341e+00 7.632631428687203012e+00
-2.110412568026389657e+00 6.961484004574330697e+00
-2.142712273746050666e+00 7.654900588921798921e+00
-2.055030387971203520e+00 6.761752381460321537e+00
-2.041190221346127931e+00 6.549828143716362128e+00
-2.113658081878603490e+00 8.466061930842545991e+00
-2.151497894813055645e+00 7.000583465272633532e+00
-2.275454407491853015e+00 7.422233368590946512e+00
-2.084739554158274277e+00 7.077728661141818201e+00
-2.230744305071467704e+00 7.984189063931553143e+00
-2.037494617885756920e+00 7.139568410215291649e+00
-1.832623311801258925e+00 6.613384835415505592e+00
-2.094622383307670699e+00 7.424826016828373731e+00
-2.103709350109114862e+00 7.990528699090645226e+00
-2.102428370910383482e+00 7.656173386449518503e+00
-2.063272532729180320e+00 8.262018862068847724e+00
-2.020458738338971383e+00 7.076635444895024385e+00
-2.051279438764767704e+00 7.909014255600975041e+00
-2.142433960037260832e+00 8.002312797757117124e+00
-1.990475645862563425e+00 7.846923515433443796e+00
-2.092808558905459471e+00 7.664352673643434422e+00
-2.135642265529166473e+00 7.879563554982306428e+00
-2.151819701481633818e+00 7.210013597557116682e+00
-2.021769704454934313e+00 7.540643429428625311e+00
-2.195821004894055850e+00 7.924942623921633178e+00
-2.189521858893405781e+00 8.468402241513393491e+00
-2.146579672665874572e+00 7.146055275664346951e+00
-2.156253358337167025e+00 7.632428432641995997e+00
-2.180028412703002516e+00 8.079080113909887118e+00
-2.149670931925800055e+00 6.550671223697130507e+00
-2.022724880689628080e+00 6.985639794806168368e+00
-2.002223780807115272e+00 6.880133584837904159e+00
-2.197151319303227268e+00 7.668257649890017014e+00
-1.972141287977319468e+00 7.334038191376295757e+00
-2.097050035113205091e+00 8.291734330700894162e+00
-1.962394531367248618e+00 7.473080394538574645e+00
-2.158600572193193123e+00 7.440449755441278512e+00
-2.050444415901794937e+00 6.752407936597202287e+00
-2.119931479515874351e+00 8.186746936009321018e+00
-2.073033814671485509e+00 7.158025571873433357e+00
-2.003129423751217608e+00 6.527636986338676728e+00
-2.018311869313313967e+00 6.822165006485053418e+00
-2.138171677399153925e+00 7.654582325370496321e+00
-2.202817289101333564e+00 8.041544563667864409e+00
-2.096021517386538857e+00 7.917541507574793691e+00
-2.203836735488764464e+00 8.215018932035025756e+00
-2.057459181614111010e+00 7.339543601759693559e+00
-2.155831738735127345e+00 7.834068028289289387e+00
-2.241271901445600623e+00 7.756688854968805558e+00
-2.161160658951262192e+00 7.046082119113362907e+00
-2.259724185274539998e+00 8.099968369725749184e+00
-2.055821568204505567e+00 8.019446669189735033e+00
-2.148153180184053213e+00 7.962240492806461845e+00
-2.049916474177255310e+00 7.904744646908607564e+00
-2.208657598259207600e+00 8.271054002614871337e+00
-2.179711658245754080e+00 7.901116502965924049e+00
-1.911575216491842033e+00 6.673620975468768535e+00
