-2.019888298610702737e+00 7.242133015445114452e+00
-1.968326936304259700e+00 6.588249812972319930e+00
-2.181562829418114191e+00 6.690737167695255394e+00
-2.098515354462351379e+00 7.546927241497196626e+00
-2.246150536028562517e+00 8.815576004596891835e+00
-2.118402648487928364e+00 8.045609695982939513e+00
-1.846886904835376209e+00 6.797463383614728905e+00
-2.181501590564113524e+00 7.310158142335517972e+00
-2.113568196252552767e+00 6.223813904162138755e+00
-2.123425676451706323e+00 8.478662292318821514e+00
-1.940258549227717122e+00 6.343259991241961160e+00
-2.037485571689470198e+00 7.814816441404312641e+00
-2.168759489317960032e+00 7.130868554006549509e+00
-1.879095127531909215e+00 7.118496430241477491e+00
-2.017408957877030673e+00 7.515563250051506827e+00
-2.158050452229248517e+00 8.272883374726122341e+00
-2.071516467399224570e+00 7.267567960929750548e+00
-2.051541638367793130e+00 8.063910203599602866e+00
-2.019733172643799257e+00 6.662488042036110336e+00
-2.369879922580889087e+00 7.926244258993511593e+00
-2.148056632126417842e+00 7.602436123193263562e+00
-2.315087190660059857e+00 7.891656935614669521e+00
-2.008635867418455678e+00 8.532685714872783933e+00
-2.216821792211070452e+00 7.070271899260333726e+00
-2.063684100442328084e+00 6.598303174046217912e+00
-2.153525786243022377e+00 8.992595095931257276e+00
-2.079558673973372684e+00 8.161777757811313094e+00
-2.323180576948700615e+00 7.505529551793896914e+00
-2.100404314894058100e+00 6.641487906709378386e+00
-2.030436687256120809e+00 6.644148289706181210e+00
-2.132501780435851924e+00 7.899625050705390450e+00
-2.193257291215534366e+00 7.620109627640727190e+00
-2.439989774773182241e+00 7.949698230806646393e+00
-2.003796352976279227e+00 7.488861947531589180e+00
-2.078933429148667411e+00 6.180518194821111422e+00
-2.173843839818269341e+00 8.136355169116036734e+00
-2.008676284127667078e+00 7.762544979694864899e+00
-2.276620063988985976e+00 7.575956342830505008e+00
-1.948210206744521500e+00 7.227441324489756624e+00
-2.316369383216803524e+00 7.319849282145823643e+00
-1.972615109860563987e+00 7.803698107472076373e+00
-2.116530096454591892e+00 6.909163892794687456e+00
-2.175851276547513979e+00 7.990006012937325153e+00
-2.085645445953539845e+00 7.524620349454963275e+00
-2.210208182747967154e+00 7.192722357320684878e+00
-2.285833590984243546e+00 6.585208378242124461e+00
-2.069269387299257357e+00 7.727132899156647028e+00
-1.905505736575142439e+00 6.634209272080198616e+00
-1.860078830293564689e+00 6.621490607961428410e+00
-2.060884449904498705e+00 6.565711145482489464e+00
-2.001475965225319342e+00 7.228840303906618026e+00
-2.179897483550934822e+00 7.067496076712611597e+00
-2.165560204619319862e+00 8.070825858570499278e+00
-2.296126071679079672e+00 8.234183987912693681e+00
-2.110897863183648582e+00 7.773321320138762758e+00
-2.087051197284313098e+00 7.950836103494762774e+00
-2.014365037690901694e+00 7.429286682431762934e+00
-1.922157431988150922e+00 8.005998270762958668e+00
-2.187112719739894295e+00 7.335763631087661274e+00
-2.073922275665951442e+00 7.256543686545740002e+00
-2.082158322173032872e+00 8.092888697555732591e+00
-2.177245081694838102e+00 7.907938221078979701e+00
-2.026830985710205812e+00 7.531233929497324731e+00
-2.204838241343349381e+00 8.229328067600464536e+00
-1.769627483185141292e+00 6.927617131801903305e+00
-2.365166387904662049e+00 7.143166441710527614e+00
-2.142284841642404736e+00 7.111764759243983214e+00
-2.176635265457068424e+00 8.582640181381281153e+00
-2.031840122765175671e+00 7.604573611096679286e+00
-2.232261128807272677e+00 8.165825740990342752e+00
-1.972325180253905019e+00 7.055398397210332462e+00
-2.130917804796065962e+00 6.919164757044914182e+00
-1.917642594210210216e+00 7.197868982526681947e+00
-2.184375825006504623e+00 7.308826454781994109e+00
-2.172195933665688194e+00 7.664361876323777523e+00
-2.068838780047399961e+00 7.472102052459019816e+00
-2.206330847269161399e+00 7.157730337131832599e+00
-2.066817866165551631e+00 6.998240972653744230e+00
-2.037102152592868531e+00 7.269338517736446015e+00
-2.066806330274913783e+00 8.549915316084526040e+00
-2.264322967556489097e+00 9.038027748039009879e+00
-2.237940079447657826e+00 7.767145978903359449e+00
-1.842078233437523860e+00 6.576885377703046487e+00
-1.926107600973818501e+00 6.920281268885710269e+00
-2.167154229043555258e+00 6.508266868717456965e+00
-1.988852371860961643e+00 8.800300414733197130e+00
-2.305939252557796415e+00 8.126691671677633622e+00
-2.189354529358756185e+00 7.393207935202297243e+00
-2.252019294093617674e+00 8.408652996995884976e+00
-2.139228066832511210e+00 6.845524435868313162e+00
-2.009873338376701568e+00 6.455478948152305385e+00
-2.120926946016821191e+00 7.419316253307692399e+00
-1.972597653484265745e+00 7.860796722923226731e+00
-2.071675216776314166e+00 8.204650048859283729e+00
-2.226220519196672409e+00 8.075490710841332742e+00
-2.161151694521314948e+00 7.892742146650734369e+00
-1.999646104279454439e+00 7.846641169949112538e+00
-2.272103253428659375e+00 7.884749805368929998e+00
-2.006540123723792757e+00 7.766893690336490685e+00
-2.245034757441745743e+00 8.231238259502108079e+00
-1.879138084183007873e+00 7.344843503114383942e+00
-2.162111674233308189e+00 8.032825005033696897e+00
-2.041157431424740931e+00 6.070155355634135219e+00
-1.906139559355504609e+00 6.622854364609389144e+00
-2.139954656329516869e+00 8.240576521601594706e+00
-2.109034708308180850e+00 7.150515121845621991e+00
-1.934485900222058241e+00 6.607625135277488404e+00
-2.219413520657389505e+00 7.484706953147876263e+00
-2.124445324996543594e+00 6.259644446312685240e+00
-1.912137383305389404e+00 6.233433607898955842e+00
-2.017326711469014988e+00 8.228094092649580915e+00
-2.171367322218174412e+00 6.367349359468382985e+00
-2.139974854884676425e+00 7.335728656959297211e+00
-2.090078155363782386e+00 7.166209279228108464e+00
-1.952389362839842546e+00 6.908046800094180817e+00
-2.296251930087808368e+00 6.780651975389247355e+00
-2.197132495131979280e+00 7.293644847795197173e+00
-2.221637763504352492e+00 7.036234017768321358e+00
-1.899712197004106873e+00 7.448698347207300507e+00
-2.240848951991654125e+00 7.429486248567913620e+00
-2.075430033589190870e+00 8.499127770194832010e+00
-1.918081065856767742e+00 7.444127255287993350e+00
-2.011423793915749325e+00 7.161204251975531676e+00
-2.098804960918969176e+00 8.458996986837206578e+00
-2.123954827614291219e+00 7.567716104669085730e+00
-1.975706522559735001e+00 7.565929575436291188e+00
-1.954683777732696193e+00 7.923502412047756849e+00
-2.022645725591337040e+00 6.898141260235462369e+00
-2.157057136229590277e+00 8.302140177969883794e+00
-2.142376130829406478e+00 8.860947029218376514e+00
-2.169908961792502922e+00 8.038968804118651335e+00
-2.222043892837525014e+00 8.460991311406196758e+00
-2.168179083097119708e+00 7.608127739977303072e+00
-1.931575796997977656e+00 7.161930179195436175e+00
-2.192319604073903250e+00 8.195549040521921569e+00
-2.072133613987381828e+00 8.577745011330296876e+00
-2.135991974167951390e+00 6.549544580844878894e+00
-2.163888301093844557e+00 7.792937169275222509e+00
-2.002036429200941825e+00 7.691875776363225725e+00
-1.919159573992664125e+00 6.158614008958450903e+00
-1.984765118705785980e+00 7.030176293648865204e+00
-1.975922880328621289e+00 7.720455364741448001e+00
-2.112179752584272485e+00 7.468486961955539627e+00
-2.170957140970759092e+00 7.154568202955547740e+00
-2.065410693511238627e+00 6.901097239194651678e+00
-1.946465897935138800e+00 6.943390037860134534e+00
-2.288163516151100918e+00 6.659450267242067234e+00
-2.049567867294961321e+00 8.193206305570388537e+00
-2.115132818470633502e+00 8.422180783476402866e+00
-2.096141613061385467e+00 6.936916786218811914e+00
-2.148376733813544881e+00 8.035954312718779136e+00
-1.840363501355838149e+00 6.859022253472749853e+00
-2.293010841035283409e+00 7.799569879908903047e+00
-2.055640322058178260e+00 7.429083373280557012e+00
-2.097428052278458299e+00 7.539571526125922851e+00
-2.077354202164086505e+00 7.121922691073302225e+00
-1.921317068579850851e+00 6.856392970837954515e+00
-2.210082718029782622e+00 8.442994338616907513e+00
-2.049758531002886741e+00 8.283222951215190477e+00
-2.199971535841357628e+00 7.701068001888560666e+00
-1.919164964724666467e+00 7.978752248261645974e+00
-1.907866921443436947e+00 7.656150600203485368e+00
-2.101712844440809302e+00 6.458651034652848288e+00
-2.175536126626939293e+00 8.716963863895939468e+00
-2.240724946053412214e+00 8.203159767618272369e+00
-2.238886895032143443e+00 7.204054402948711910e+00
-2.034968452970924435e+00 7.477723595212737884e+00
-2.099853055931014012e+00 8.173616159385751700e+00
-1.881060181472477000e+00 7.753526931338084793e+00
-1.958091506289231010e+00 6.792183158176733571e+00
-1.967978535470721324e+00 7.709228629519306430e+00
-1.844894715064132162e+00 7.348067579560603413e+00
-2.296824848162468680e+00 8.654307898196506699e+00
-2.194649462516840455e+00 7.810583763067371343e+00
-2.451695851275826232e+00 8.102980069147083242e+00
-2.138032696414376321e+00 7.119043862242643961e+00
-2.027521161487881862e+00 6.852908264825796181e+00
-2.305085624439638270e+00 7.621128704691633615e+00
-2.084954599618215276e+00 7.166924227534565262e+00
-2.064572181545674567e+00 8.051836422563502182e+00
-2.083031248994561491e+00 7.005057236886591099e+00
-1.888884047827707580e+00 6.864760418990200286e+00
-1.964028797754512112e+00 7.846111519896753705e+00
-1.990667747034576607e+00 7.316966181398345093e+00
-2.177042310800685332e+00 5.786922086159368206e+00
-2.047049626964550839e+00 8.500804133314364464e+00
-2.183262273118748986e+00 8.142911343956036774e+00
-2.240173021971352707e+00 7.252810783072584755e+00
-2.098912848898486949e+00 7.807950424125821520e+00
-2.216008391268440292e+00 8.101831908713087671e+00
-2.247938160119645534e+00 7.843809737234069601e+00
-2.278250776743625305e+00 6.634394547939296061e+00
-2.092180725588456802e+00 7.435574727687057184e+00
-1.960527717734525943e+00 8.342305150438548367e+00
-1.832624089606403661e+00 6.469897588480138850e+00
-2.019836768947580019e+00 8.020632952004881133e+00
-1.948754365180594084e+00 6.695722838826850598e+00
-2.126312516286429144e+00 7.869936599831781621e+00
-2.249387764802722955e+00 6.967037269632947449e+00
-2.111106188421388641e+00 7.105356931570370627e+00
-2.240982962195727790e+00 8.131193057267957158e+00
-2.273066765573459325e+00 7.309437575050362845e+00
-2.399762911388942932e+00 7.746629193701217275e+00
-2.102163744122557798e+00 7.414360346356851039e+00
-2.208831506237728171e+00 7.693422235064661940e+00
-2.173395907453298470e+00 7.928260811555057685e+00
-2.241387851755284988e+00 7.786298287753752767e+00
-2.164344677988107701e+00 6.565024081572166104e+00
-2.152010108261140697e+00 7.040643212881142254e+00
-2.050513950233024296e+00 7.485387703419709382e+00
-2.113011232239724979e+00 7.763102337245986639e+00
-2.098080939235637654e+00 6.735376450646734625e+00
-2.013988500298501183e+00 7.406518390569280186e+00
-2.085136390221212999e+00 7.232221678168229140e+00
-2.011579281336987712e+00 7.592352944363397249e+00
-2.320110752047549685e+00 8.496851441317923914e+00
-2.026308357335545818e+00 7.190743794618295048e+00
-2.173705821360303325e+00 7.432339167148948711e+00
-1.894868171322254824e+00 6.415613184260563706e+00
-2.070402397214924139e+00 7.498012665125932230e+00
-2.155322395904436306e+00 7.851860087441557390e+00
-2.022618584628384841e+00 8.243408229316056435e+00
-2.059797355118925921e+00 7.869541953732605677e+00
-2.253622673978271429e+00 7.522676845870388540e+00
-2.277704040208004432e+00 6.812830042890939630e+00
-2.092422450920807364e+00 7.786001662654441269e+00
-2.096605579115271567e+00 8.668006603262385923e+00
-2.018883217146509867e+00 6.623664081251415148e+00
-1.859777879387318533e+00 7.213242023515113566e+00
-2.142487989919017011e+00 7.823891123220615640e+00
-2.034548078680925354e+00 7.421884228836965747e+00
-1.963108911532355894e+00 7.310888429418928247e+00
-1.939326436536465748e+00 7.575720992603435455e+00
-2.133939749605857195e+00 8.651348917834953411e+00
-2.080018428789378593e+00 6.178499345380488172e+00
-2.102050054370132148e+00 6.398535372235744312e+00
-2.148317278452242185e+00 7.790067423190690121e+00
-2.177021277924079179e+00 8.442900392127826947e+00
-2.140782227868372356e+00 6.675925742965008958e+00
-2.156419723366940655e+00 8.390426584205524563e+00
-2.163329564307731712e+00 8.210648240899255157e+00
-1.895677677932269267e+00 7.699484512983876705e+00
-1.978350338401134945e+00 8.113029426146054490e+00
-2.399146394195241339e+00 7.977757019987803844e+00
-2.113997019574211489e+00 6.954614719222025343e+00
-2.315247467481015065e+00 7.708367233887650549e+00
-2.161273576315705824e+00 7.360270342383783415e+00
-2.224030998550215799e+00 7.741374370042406028e+00
-1.996622400206161219e+00 7.526752617897051856e+00
-2.130719675794786383e+00 7.664203000504089758e+00
-2.228555595256653366e+00 8.243124920686236479e+00
-1.965852163787741080e+00 7.387719671927020393e+00
-2.315783596744307449e+00 6.755634178619222219e+00
-1.917909426985952681e+00 7.172689114258758991e+00
-2.372997419460586510e+00 6.794141147484154430e+00
-2.014271078928373981e+00 6.754575567973295946e+00
-2.223184516756480544e+00 7.170373346386785585e+00
-2.208062691580105597e+00 8.270377251628305615e+00
-2.111187832938112852e+00 7.275546930384972022e+00
-2.083839911018897428e+00 7.121273732397311207e+00
-2.075553705118131198e+00 7.824923599916417061e+00
-2.075160185314633310e+00 8.365911150091074333e+00
-2.018854775303758231e+00 6.441446402853808095e+00
-2.166636132356515976e+00 7.526097858718902245e+00
-2.059039780989004420e+00 6.362967640519694434e+00
-2.222436696483650387e+00 6.836324035310321179e+00
-2.067029482466094858e+00 8.107227764250952262e+00
-1.986544285786315811e+00 8.044670818174274984e+00
-2.015495719869727420e+00 7.782891132114217569e+00
-2.081629745296391665e+00 8.437315404316489520e+00
-2.016082126427053645e+00 7.247106113612282741e+00
-2.019722447528537579e+00 7.464415284747535573e+00
-2.128223007685935197e+00 7.196137735082838383e+00
-2.232323942571477815e+00 8.424037920711812788e+00
-1.981137635969747457e+00 7.191189688549440184e+00
-1.920105688060091964e+00 6.426048209155191593e+00
-1.829712138589000725e+00 6.800537116242960423e+00
-1.926718524666538812e+00 6.104542314133841963e+00
-2.099716993857982494e+00 8.182959401405756950e+00
-2.089496976366147951e+00 6.765738368266022817e+00
-2.217984253226324309e+00 8.753587181922492633e+00
-2.308584640919788100e+00 8.334355294059857755e+00
-2.233949419404001713e+00 8.218793440077252654e+00
-2.007125986544966878e+00 6.733958637193208752e+00
-2.032189268131312065e+00 7.563161535554680626e+00
-2.093469647603701134e+00 7.961813119980488018e+00
-2.352292078465772374e+00 7.305800421058701311e+00
-2.273032038389571685e+00 7.957195754212978756e+00
-2.024911608466908319e+00 6.505430919480522434e+00
-2.128118931452657847e+00 7.687300506694714208e+00
-1.907446418959113377e+00 6.549031639704290697e+00
-2.186054958232240164e+00 6.522358061656119865e+00
-2.296517217980549752e+00 8.270973467775531773e+00
-2.158588982032640935e+00 7.831291124301594131e+00
-2.173632893653514753e+00 6.066966715753994599e+00
-2.202573235243844074e+00 7.363199482690107267e+00
-2.126186614578553069e+00 7.943684231561946696e+00
-2.151317803043590882e+00 7.934010897398847462e+00
-2.052216356977663025e+00 7.093498052747571947e+00
-1.985644498098821487e+00 7.070396487802089069e+00
-2.090548828686974225e+00 6.789696433846944323e+00
-2.157457139613705444e+00 7.899763078329635313e+00
-2.138373795469775462e+00 7.741975250632471273e+00
-1.902861949806616382e+00 7.114635415303918187e+00
-2.030157664705495524e+00 6.742102827929413067e+00
-2.125681541662010066e+00 7.863035980498518818e+00
-2.036206278190300090e+00 7.112966393471854332e+00
-2.275983576874942127e+00 7.934535307055810449e+00
-2.178267500506323451e+00 7.251767791430528298e+00
-1.967023937884586182e+00 8.132741653856784936e+00
-2.018151186080221926e+00 7.572784227458473794e+00
-1.954067554803168738e+00 6.955641027684263733e+00
-2.160425378406014119e+00 8.198638385526926697e+00
-2.037444564869460351e+00 7.638334161451987292e+00
-2.167103423423287101e+00 7.488452095760708360e+00
-1.929287465668753310e+00 6.624792034553575348e+00
-1.983489071230514211e+00 6.928335614905867246e+00
-2.043451415570136653e+00 8.190081246513150504e+00
-2.134772870683935952e+00 7.713171173790051682e+00
-2.160894861105504106e+00 8.331736663399057718e+00
-2.138197121497582565e+00 7.393000604099611017e+00
-1.896833310446818910e+00 7.641711174745673851e+00
-2.021936470283178355e+00 7.194390926373060324e+00
-2.022352466388624315e+00 8.419246135308842582e+00
-1.928289776032798830e+00 6.916892360845629639e+00
-2.088138703054771117e+00 7.570015949941517164e+00
-2.343199795101383209e+00 8.325630613599971142e+00
-2.132840056115091087e+00 8.357826339685393791e+00
-2.141178986888511826e+00 7.004605192888867293e+00
-2.154133429749748974e+00 7.510634804329248126e+00
-2.181518368958514476e+00 8.280380587394128966e+00
-2.228876149245669236e+00 7.493694551405572390e+00
-2.099092237782633763e+00 7.296102241809448330e+00
-1.922248948502352173e+00 8.018221154366262482e+00
-2.153741537255138727e+00 7.710913887867786976e+00
-1.929923817009698839e+00 6.792599460617356755e+00
-1.929839492902579279e+00 6.418593524681650564e+00
-2.041485540980631175e+00 6.116986896573039623e+00
-2.049369188407287545e+00 7.738352973552545144e+00
-2.281575993193215357e+00 8.364320774101246414e+00
-2.128103773034274671e+00 8.027989309043759292e+00
-1.945591886630887890e+00 6.010986325251580276e+00
-2.252562725088840700e+00 8.153012193314214784e+00
-2.276359183778355000e+00 8.630503330725302291e+00
-2.239649476876548029e+00 8.068152768005504072e+00
-1.876166131399231940e+00 7.108800065672044255e+00
-2.257296289204645756e+00 6.725753629416359125e+00
-2.071185308638826772e+00 7.907664059468645590e+00
-2.223581446229632164e+00 7.363740937199176884e+00
-1.977952720774475814e+00 6.121845871798909933e+00
-1.944440030362410976e+00 7.216151928193927034e+00
-2.052232519479944450e+00 8.440986606464925046e+00
-2.089749083063507928e+00 7.007847011410429872e+00
-2.210390278082596360e+00 7.084518710134889652e+00
-2.370496167860285830e+00 7.749516346939077316e+00
-2.102904206559090827e+00 7.346208824695664497e+00
-2.354194612253704300e+00 6.766313774471085729e+00
-2.162979712462408610e+00 8.253976884265263436e+00
-2.291293848508112241e+00 7.351830745827847124e+00
-1.939474601836965961e+00 8.085852732970874257e+00
-2.062123178934181844e+00 7.783421169123180050e+00
-2.168118065052381471e+00 8.998061213911318745e+00
-2.311748585935169853e+00 7.096862474758924400e+00
-1.998135654574195730e+00 7.791543783933856382e+00
-2.248172435851945483e+00 8.454544602897652084e+00
-2.129081474205618996e+00 7.396518859939696711e+00
-2.267090957354207514e+00 7.567645710176797103e+00
-2.228247550463104076e+00 8.289356204258602645e+00
-2.248448669971756964e+00 7.454433569821237171e+00
-2.048986850905184287e+00 7.654825008698872502e+00
-1.853716360013520248e+00 7.440538803223899933e+00
-2.079799993434899186e+00 8.049869997678424483e+00
-1.935120405228299756e+00 7.340323030635431678e+00
-2.003092304461382422e+00 7.547649711448802812e+00
-2.225281374676256085e+00 7.994992032485969347e+00
-2.213711077165842145e+00 6.775958368063573545e+00
-2.059245226308453081e+00 7.779461296434752704e+00
-2.034294325191745578e+00 7.621873092144616280e+00
-2.159277030039704393e+00 7.812986641702818424e+00
-1.741340499172887135e+00 6.160793818859858995e+00
-2.157698009945369755e+00 6.117014431847393574e+00
-2.096235120698031640e+00 8.185173915949750523e+00
-2.186262148479111378e+00 6.282129469295690605e+00
-2.062503190644322082e+00 7.253605593662679318e+00
-2.183015689311479157e+00 7.567176212058564388e+00
-1.982452898758039650e+00 6.315212816407784757e+00
-1.774825165111618031e+00 6.992750997257954459e+00
-1.981512816195413196e+00 7.450863857193790629e+00
-2.060944562735022245e+00 7.085026060883700794e+00
-2.156512512305989837e+00 7.909617733210609458e+00
-2.051303019044451226e+00 7.326368320564379921e+00
-1.902722154504144836e+00 7.460300013389597140e+00
-2.412069942555006730e+00 8.397029428359658709e+00
-2.063622468082686012e+00 7.937139909347280309e+00
-2.029648258455238441e+00 6.341012008453795090e+00
-2.292920613488660386e+00 8.284074611502347807e+00
-2.095132027154921417e+00 7.268256710697047041e+00
-2.139009764417484583e+00 7.443123616204808890e+00
-2.175383070698648336e+00 8.483395821908237266e+00
-2.216799837907395432e+00 7.442359934312580805e+00
-2.244598048092021791e+00 8.016620160397817330e+00
-2.353380349053435072e+00 8.146462764226441777e+00
-2.192728241049480609e+00 7.595526331591980096e+00
-1.997435923560495263e+00 6.898743518327903779e+00
-1.926156615433399333e+00 7.155637770798940700e+00
-2.143284866108995601e+00 7.774097188433463756e+00
-1.990248027838331435e+00 7.418241887577460503e+00
-2.228033716329593350e+00 8.002002984631403137e+00
-2.066964105926969886e+00 6.641944150795088042e+00
-2.050442708086812615e+00 7.471631026302308243e+00
-1.824266114571400088e+00 6.442675036993358972e+00
-2.042169644112098670e+00 8.026126671051150296e+00
-2.223168299156311978e+00 6.947142613952487444e+00
-2.012508464368270911e+00 6.816682185420678053e+00
-2.102177381959608127e+00 7.358425581031484697e+00
-2.388897179212898347e+00 7.316237606234246904e+00
-2.242388418388305382e+00 7.304758167560136073e+00
-2.138985230093681356e+00 7.833754381769534980e+00
-2.022070151435910290e+00 7.931264299983287636e+00
-2.038848390048153103e+00 7.467302864849135524e+00
-1.765756164239655979e+00 7.541015321039040487e+00
-2.258958586843882177e+00 7.746488304308100759e+00
-2.267582907338590914e+00 7.578165577702574041e+00
-2.038443641870864464e+00 7.946257979765096735e+00
-2.123593634733857094e+00 7.941658487868981098e+00
-1.898097992881611740e+00 6.756249475600782262e+00
-2.173766402581140511e+00 7.638315849544103919e+00
-1.892217261910635218e+00 7.145745930674574531e+00
-2.331043271491308300e+00 8.057099472231440629e+00
-1.945779056331252477e+00 7.584528840323364385e+00
-1.887802420676631510e+00 8.204207727142904361e+00
-2.136836165314643488e+00 8.298129858693657823e+00
-2.025366121876808645e+00 6.860352078034102519e+00
-2.050051495179395555e+00 6.841934592161736717e+00
-2.184983959841095835e+00 7.743002238093101397e+00
-2.062866175184812967e+00 6.826282269989502716e+00
-2.186055387576046005e+00 7.833679397514740295e+00
-2.203313257184863261e+00 6.922845145678384604e+00
-2.133592656022341494e+00 6.459159223610471123e+00
-2.063805542181204267e+00 6.656582173124460766e+00
-2.129605233416238974e+00 7.492737863103314133e+00
-2.127456895116654145e+00 7.484360463323126211e+00
-2.319240480296627549e+00 8.353581664746487334e+00
-2.262412671993164537e+00 6.877931668998985337e+00
-2.189208662122356319e+00 6.966379561026106337e+00
-2.025527670229264388e+00 7.163574870441523856e+00
-2.338629553419882434e+00 7.083099710991830555e+00
-1.907810580009172918e+00 7.448195356272415246e+00
-1.979370049453693436e+00 6.809719451402991730e+00
-2.081441357232283629e+00 6.931405274852012077e+00
-2.104912696209946699e+00 7.252892448556690574e+00
-2.041569205483234395e+00 6.727160832375349564e+00
-2.191758646799895960e+00 7.086638649378994792e+00
-2.014679918147675775e+00 8.858479879259121503e+00
-2.264633191104808319e+00 7.130447816406563888e+00
-2.104083289158630521e+00 6.436234029128966583e+00
-2.286265869330006861e+00 7.541964853525608525e+00
-2.006929268946220812e+00 7.050104183168509842e+00
-1.987020990015906374e+00 6.901205983313664305e+00
-2.124063529076085199e+00 7.440901194485656234e+00
-2.145033594354615936e+00 8.795084129395995376e+00
-2.191187929312385929e+00 6.581137351110152522e+00
-2.433795118848233408e+00 6.898325955923892749e+00
-2.189417762173074600e+00 7.853592213510533604e+00
-2.230456331513800627e+00 7.772975507070051471e+00
-2.107697403413010040e+00 7.895419458750149388e+00
-1.811067448093456544e+00 7.125519236870198725e+00
-2.002070570898549562e+00 6.620513563787945976e+00
-2.014911765489828532e+00 7.905761578050047866e+00
-2.111983461503837756e+00 7.296140710836882981e+00
-1.995035358731692909e+00 7.896192798579719785e+00
-2.014973806007238188e+00 6.476526814023230827e+00
-1.952648154233488809e+00 7.196578877643790229e+00
-2.122858711950646793e+00 8.252439491479769629e+00
-1.959980426698424871e+00 7.783226527480587187e+00
-1.947252285918512626e+00 7.609927337676874792e+00
-2.119254586542913099e+00 8.241022506722789132e+00
-2.083994875959518378e+00 6.426266391983640247e+00
-2.051902784263556434e+00 7.913917981517289313e+00
-2.217330695934863982e+00 8.226907743237235948e+00
-2.107363367163987533e+00 8.070208087946394215e+00
-2.030044513225083946e+00 7.891506116702720952e+00
-2.084571580522264878e+00 6.955913753373413222e+00
-2.201648000529275784e+00 8.152752048358227199e+00
-2.145313573100603666e+00 6.745551839977519393e+00
-1.895709758767769371e+00 6.533537577488429449e+00
-2.014544551408458783e+00 7.596949080875094573e+00
-2.054630741288272500e+00 6.645968799978544617e+00
-1.827850375908813607e+00 6.823280616183231118e+00
-2.147998581195138534e+00 8.122784419988560600e+00
-1.761996490576423824e+00 6.835110202607096674e+00
-2.100203391588270740e+00 7.172362844737598664e+00
-2.098929117098461195e+00 7.187791592371251426e+00
-2.244809214328996383e+00 8.625094653928362831e+00
-1.901496937977613211e+00 6.700752160797219581e+00
-2.070191335213393380e+00 7.151158858175489463e+00
-2.007821670934288427e+00 6.999052625152796914e+00
-2.197671240434097228e+00 7.656697043339335096e+00
-2.195671339328947091e+00 8.394177688097149925e+00
-2.016764857681552225e+00 7.891506699540484782e+00
-2.215961527943334008e+00 7.885913859434586115e+00
-1.865822051672550774e+00 6.270843505715590460e+00
-2.265061286179291589e+00 8.197359713300466311e+00
-2.434140966157019470e+00 7.458979159510271906e+00
-2.240858245010370453e+00 7.011062409197604595e+00
-2.401176881846999844e+00 8.313113974516769034e+00
-2.061962115629133230e+00 8.284813367757283942e+00
-2.085274111081629744e+00 7.706906704865263080e+00
-1.996285910806768538e+00 7.951456656504737097e+00
-2.246376487869115035e+00 8.088147035780041350e+00
-2.142949843211589211e+00 8.094398543397309354e+00
-1.898217008916589954e+00 7.098343133534482874e+00
-2.115419078383061091e+00 7.672626205284873713e+00
-2.043112353525504687e+00 6.666710046416002733e+00
-2.121128372355935099e+00 6.580218988145817960e+00
-2.120438273621051639e+00 7.405604580265208625e+00
-2.147534724392977878e+00 8.464251231793028296e+00
-2.106175392416180348e+00 8.126976155327085394e+00
-1.945057320154371494e+00 6.893160432536751259e+00
-2.150337303023349467e+00 7.164170761154441180e+00
-2.091754695222063809e+00 6.424782747961756968e+00
-2.113113624157580528e+00 8.291567194378231420e+00
-2.007352319487485381e+00 6.720561916918498468e+00
-2.058081756850801636e+00 7.817141324020769666e+00
-2.115219242220552687e+00 7.280334192522889936e+00
-1.950289740957693363e+00 7.096503612729781807e+00
-2.039250434534407130e+00 7.467808707673503577e+00
-2.127798983385965403e+00 8.260572327672868198e+00
-2.035003622668642986e+00 7.241524554776844091e+00
-2.102125265911818364e+00 7.962234683423185189e+00
-2.031109771543801124e+00 6.655731345249339626e+00
-2.270864759523888221e+00 7.991341108274140126e+00
-2.173917782283449895e+00 7.508136999029007441e+00
-2.235468289466799430e+00 7.979082505884082188e+00
-2.054984166317251670e+00 8.263647195674179713e+00
-2.160809358759219201e+00 7.156225342237642728e+00
-2.078795222961725919e+00 6.912063332890705958e+00
-2.142100082419107210e+00 8.570613964906140581e+00
-2.120676239641821059e+00 8.072267782309767270e+00
-2.262296585015024064e+00 7.784150947113261942e+00
-2.120298036554342236e+00 6.842606324804394013e+00
-2.065284989056316522e+00 6.945928150679409718e+00
-2.097976130146744111e+00 7.797410111150886891e+00
-2.163341144878868860e+00 7.963304089918648465e+00
-2.276134589432494693e+00 8.178185323721550049e+00
-2.027352529265580294e+00 7.272086373023739725e+00
-2.001908330141601855e+00 6.395865690674368942e+00
-2.114174913631865049e+00 7.949843165855139837e+00
-2.047045580618464200e+00 7.445385352124851863e+00
-2.238451589580210843e+00 7.753735059727807410e+00
-1.966310511349872669e+00 7.073843968093799006e+00
-2.247457925453557159e+00 7.483807669454090927e+00
-2.055487409722764447e+00 7.690635007218443064e+00
-2.123002265627809138e+00 7.272530887535054944e+00
-2.187125618086436241e+00 8.087190438929928504e+00
-2.114195144058351961e+00 7.422268156741195888e+00
-2.154786986305281982e+00 7.094730564705934661e+00
-2.148916385807102980e+00 6.621883860823031931e+00
-2.123103649081161670e+00 7.824660626970835864e+00
-1.975164474453168895e+00 7.082042689532909385e+00
-1.938094058145677590e+00 6.806286610038847940e+00
-2.090009727781583670e+00 6.701848290033901812e+00
-2.103256292411822326e+00 7.610023324025124047e+00
-2.083658348992592835e+00 6.942022899312894957e+00
-2.161737950755725723e+00 8.039714643685583084e+00
-2.213956362918604093e+00 8.132796650047160014e+00
-2.058883555284708233e+00 7.517154229208413696e+00
-2.119232840946629004e+00 7.796891683127760153e+00
-2.047817967885768642e+00 7.694831842901260543e+00
-2.014866738669993662e+00 8.255988442015231854e+00
-2.143953419788914960e+00 7.420319379014341798e+00
-2.030772864746083428e+00 7.070152699251655015e+00
-2.054091672792205170e+00 7.721814650456774842e+00
-2.098686323651376195e+00 7.805383272414525564e+00
-2.058940749350312238e+00 7.499396898022632207e+00
-2.164513266156772087e+00 8.049995558776114279e+00
-1.903148618558343275e+00 6.886482106722762175e+00
-2.272456857250846340e+00 7.446729534163953446e+00
-2.132930413994834407e+00 7.176967619190778969e+00
-2.163887408917918531e+00 8.459072676329991936e+00
-2.088766298754550110e+00 7.463086873117084075e+00
-2.192034174850881811e+00 8.078147058526342406e+00
-2.024727151673245906e+00 6.815054506840183102e+00
-2.099749072457390842e+00 7.300995453647426636e+00
-2.000623805742434591e+00 7.071138532530063081e+00
-2.147705481383959114e+00 7.513441628666823746e+00
-2.133185723452673432e+00 7.552180040803136762e+00
-2.096327898014909152e+00 7.571693869100148078e+00
-2.130889560663772553e+00 7.308286079037998206e+00
-2.118727347880236866e+00 7.302198669713484414e+00
-2.068388487150912169e+00 7.133535688939449670e+00
-2.069654297716943425e+00 8.221764386686945869e+00
-2.192853550561221887e+00 8.690203636657781061e+00
-2.217786938433782939e+00 7.763549269895189120e+00
-1.918683846525182535e+00 6.686557692440952216e+00
-1.968048125756425515e+00 6.814442156527616312e+00
-2.051028671572888040e+00 6.681331723361938479e+00
-2.090025654985868453e+00 8.510889214134497394e+00
-2.244520785036981714e+00 8.165813186979328009e+00
-2.132649777736109087e+00 7.362783650280295689e+00
-2.247980128245770981e+00 8.308263347083951089e+00
-2.102896158380567648e+00 7.033771890045485087e+00
-2.058381563082019028e+00 6.557801381751183101e+00
-2.115843500751547701e+00 7.826888739337868550e+00
-2.029154426152899315e+00 7.980347658638668129e+00
-2.132548731098747208e+00 7.947548748958657150e+00
-2.214876641783069200e+00 7.909375347767737097e+00
-2.109251608585718696e+00 7.829917617104222849e+00
-2.018700240543042312e+00 7.703945658224311543e+00
-2.174635472754197885e+00 8.081466019202139250e+00
-2.092900830207767182e+00 7.649098596708456377e+00
-2.182198515876809353e+00 8.250472734864057855e+00
-1.953423805827931847e+00 7.315216479661389215e+00
-2.133391697007728016e+00 8.004342516132167518e+00
-1.992931016367917030e+00 6.366639693474948736e+00
-1.994023139094972308e+00 7.102340746910107860e+00
-2.119755319344217348e+00 8.265400084666234548e+00
-2.113710058216800913e+00 7.599613050605463549e+00
-1.998863559858718997e+00 6.870055956534868002e+00
-2.181561334576343825e+00 7.576477588847018829e+00
-2.105105193069888525e+00 6.448803602838363958e+00
-1.960730482347111003e+00 6.435701603569791374e+00
-2.062995871640720402e+00 8.356367101052052604e+00
-2.096207603529467889e+00 6.464083694939825264e+00
-2.133896484228213986e+00 7.350366948800911793e+00
-2.128650202228363320e+00 7.335181581056883893e+00
-2.006766984377348795e+00 6.880258676325720302e+00
-2.207853437381847694e+00 7.163767829304412693e+00
-2.205337778826291117e+00 7.655270477311713506e+00
-2.163608412614546950e+00 7.192103170544157820e+00
-2.019391959583905827e+00 7.399395791554193025e+00
-2.137384033941286177e+00 7.539997999077395541e+00
-2.092978695450859572e+00 8.241923462296824709e+00
-1.980358227959876594e+00 7.420280004082525416e+00
-2.014163517689727012e+00 7.106670851637192143e+00
-2.112525077858454559e+00 8.138595785169915331e+00
-2.091185904393298767e+00 7.857767773120156285e+00
-2.012033232309017983e+00 7.650850572683350670e+00
-2.047860903643023089e+00 8.280702266116376720e+00
-2.043407189937814117e+00 6.971073033490688076e+00
-2.204868563442086149e+00 8.136555414637388850e+00
-2.136812481498167937e+00 8.824908614672335005e+00
-2.111907556877975711e+00 7.766832499618589125e+00
-2.200865558828640101e+00 8.250367160877212669e+00
-2.161098215444120285e+00 7.544455967926697149e+00
-2.009339777329723464e+00 6.947507952578956036e+00
-2.152477696917862726e+00 7.929855664415837779e+00
-2.142310110362519282e+00 8.488689495502406146e+00
-2.121348472731097168e+00 6.640996670573174221e+00
-2.176973148932544344e+00 8.007588237401499498e+00
-2.050009475335473841e+00 7.660117424448459111e+00
-1.967601355286010545e+00 6.385193359773133182e+00
-2.073709849597648258e+00 7.104040102750652785e+00
-2.105942577273568261e+00 7.968479355479074933e+00
-2.054624346857277128e+00 7.402415801455384248e+00
-2.106859649594647887e+00 7.307252777643301833e+00
-2.021055117616448182e+00 6.748885353093037942e+00
-2.033425446808672543e+00 7.263935995638854948e+00
-2.215838552399604477e+00 7.008382039270553143e+00
-2.096883327619740278e+00 8.062558103793906028e+00
-2.096360280832443301e+00 8.341558682482165921e+00
-2.119741015930018957e+00 6.921554975838533075e+00
-2.136957960145530855e+00 7.798475462573694728e+00
-1.993116209733194255e+00 7.131439312252673801e+00
-2.181663111290311097e+00 7.858067977708006246e+00
-2.061154086910624628e+00 7.498726264272027819e+00
-2.100771439242069327e+00 7.712860435726326180e+00
-2.087868156660030561e+00 7.082793977984927380e+00
-1.990176061510996908e+00 6.799139792301120977e+00
-2.205057969063976220e+00 8.204181891189215037e+00
-2.075280088278364410e+00 8.013330890043960153e+00
-2.186738747091554469e+00 7.932910183271225435e+00
-2.038409977020626318e+00 7.833440797470697881e+00
-2.041236554619568988e+00 7.927280419989577886e+00
-2.037921990617479917e+00 6.513394491877159354e+00
-2.148930421964626802e+00 8.770024766369571623e+00
-2.163786953954379921e+00 8.055787627497144499e+00
-2.177768049523952421e+00 7.282402389080950833e+00
-1.986889832816822965e+00 7.062629270288087291e+00
-2.116813862071614594e+00 8.094559314195727495e+00
-1.985480610070235574e+00 7.793156234571152474e+00
-1.969410748834016234e+00 7.084377784989015936e+00
-2.052659718239409958e+00 7.838197232540234261e+00
-1.994777793292674017e+00 7.665725012720901788e+00
-2.245389517516514832e+00 8.743579931828424634e+00
-2.139372461583450402e+00 7.606846862976198054e+00
-2.315198270877678155e+00 8.092637338892025411e+00
-2.158490667614506364e+00 7.266635476206805500e+00
-2.034557662799334032e+00 6.905020791353157605e+00
-2.229893750084884552e+00 7.537815359542023863e+00
-2.116937247697069591e+00 7.347163315843799225e+00
-2.128623911775155086e+00 8.184250683460410514e+00
-2.037203652647805008e+00 7.178511926795756892e+00
-2.030641918280327030e+00 7.116838072141248084e+00
-2.079581191093041515e+00 7.693768608076584137e+00
-2.006989264982816046e+00 7.155285097207335632e+00
-2.103463347418023766e+00 6.150447619464743276e+00
-2.090374521531759289e+00 8.358459500146887322e+00
-2.169734676427148123e+00 8.047633043101217964e+00
-2.170489451598732966e+00 7.499853101057412985e+00
-2.137408811415736576e+00 7.952529573976846677e+00
-2.153502051626962732e+00 8.034085480570077209e+00
-2.168539598364123577e+00 7.858276249333927765e+00
-2.123561819185401323e+00 6.834328589319558667e+00
-2.083691619872679368e+00 7.366506998929199135e+00
-2.035681571866872819e+00 8.222858086319968507e+00
-1.911521028120975130e+00 6.542151713257441159e+00
-2.053301206425325542e+00 7.899022681472805729e+00
-1.963618663932277908e+00 6.895433922381130287e+00
-2.168744192933180326e+00 7.766673724989270333e+00
-2.193660869272495262e+00 7.019585430293390438e+00
-2.123417125881587264e+00 7.107676405340496828e+00
-2.188602284406911735e+00 7.978294585855963739e+00
-2.176967190593990242e+00 7.177679167739278832e+00
-2.273236458912271996e+00 7.745730770657414332e+00
-2.145435062842118601e+00 7.445285936659347570e+00
-2.155959739145723031e+00 7.595020843652683595e+00
-2.157143779703023068e+00 7.807171990269188733e+00
-2.194343382871635662e+00 7.933322489791072130e+00
-2.128015030161389376e+00 6.679171850210080308e+00
-2.102642177947857682e+00 7.515352889468020159e+00
-2.098159810224307087e+00 7.935692436954348672e+00
-2.095873251322498021e+00 7.633604812779746673e+00
-2.050600047163094519e+00 6.678838207283502193e+00
-2.031404311279815023e+00 7.299947739328268348e+00
-2.119828197282721316e+00 7.355381702861015114e+00
-2.094373155252681418e+00 7.546505570416127462e+00
-2.269035388606235326e+00 8.495291260488636809e+00
-2.063907655558782750e+00 6.955143541010012420e+00
-2.155616966393710143e+00 7.866721728321097729e+00
-1.968144689657528756e+00 6.611532348210777066e+00
-2.082561880995726700e+00 7.619445713150174271e+00
-2.100007647729016380e+00 7.631659236890730114e+00
-2.129382773255428241e+00 8.101742806984928436e+00
-2.115861021402456021e+00 7.894339185250553115e+00
-2.194747859392114808e+00 7.497936200294468279e+00
-2.165956586665997552e+00 6.716580150368187674e+00
-2.078100960392771146e+00 7.483456643344895021e+00
-2.120553529863813402e+00 8.370852789772353475e+00
-2.020273375915453862e+00 7.021977639353075062e+00
-1.926664349378183205e+00 7.063389529828627111e+00
-2.110619149203551981e+00 7.739265815478086452e+00
-2.043969399295156641e+00 7.372518598761796937e+00
-2.033440136111280161e+00 7.408034586268818167e+00
-2.002643234138834938e+00 7.214581033107601904e+00
-2.128303651396281637e+00 8.474351305215492403e+00
-2.040163672266759765e+00 6.642321441315850450e+00
-2.113106047202246263e+00 6.873891168814771468e+00
-2.105442760251107437e+00 7.789874907541959992e+00
-2.152138508761328506e+00 8.257305660982849460e+00
-2.083468774990373085e+00 7.032167792362098879e+00
-2.161033595563940146e+00 8.271567615709390253e+00
-2.175993673615529200e+00 8.070895964232642328e+00
-1.985414849970292828e+00 7.626231518254525277e+00
-2.064676835681948930e+00 8.075136511167707809e+00
-2.281873010139477298e+00 8.173523688784985808e+00
-2.101676418837184812e+00 6.841760648777106546e+00
-2.200120398136959032e+00 7.714730567044301601e+00
-2.106174436728981636e+00 7.196706524283226436e+00
-2.132330355255207976e+00 7.726672999953195564e+00
-2.052542540300764440e+00 7.347115450324747776e+00
-2.162344545162933951e+00 7.871585760194612647e+00
-2.184403477999063536e+00 8.390819955489511983e+00
-2.011341842990396422e+00 7.594376620753434892e+00
-2.201282626018759014e+00 6.683962757138517397e+00
-1.940244699561287200e+00 6.904887914965175177e+00
-2.269343074971168051e+00 7.290615826454823534e+00
-2.033069585187790018e+00 6.822121415086829899e+00
-2.107605452436373206e+00 7.127105314800715519e+00
-2.195834854667622515e+00 8.054325526839541283e+00
-2.129429519410583449e+00 7.334150414514893690e+00
-2.083634648490569674e+00 7.033316308163302999e+00
-2.075934461706943068e+00 7.703001358107590235e+00
-2.145521810031538745e+00 8.225258997234016434e+00
-2.041717677218731097e+00 6.618505564979419553e+00
-2.196287782910739672e+00 7.735167615576868272e+00
-2.015264517830146040e+00 6.613411623108751414e+00
-2.126754873741307339e+00 7.014369682701882880e+00
-2.053470640895878940e+00 8.007598950149709793e+00
-2.035162861385239275e+00 8.182742863221983853e+00
-2.047606787988297761e+00 7.488236939340485065e+00
-2.143293747413479444e+00 8.285152877475468358e+00
-2.049255579792097048e+00 6.974631633449511092e+00
-2.052722993960462095e+00 7.544377436050293539e+00
-2.125522922126156011e+00 6.882320284572805313e+00
-2.149949077360943761e+00 8.215634271179620640e+00
-2.023764573538120004e+00 6.895501806329995986e+00
-1.973454938679402915e+00 6.783300264439303007e+00
-1.930763488004819894e+00 7.136802740523901178e+00
-1.943249626525132667e+00 6.352071955651300783e+00
-2.085475456548167905e+00 8.260696791784329918e+00
-2.072239260577032116e+00 6.850906043640234699e+00
-2.215543799154505056e+00 8.403700159359004829e+00
-2.252032967937473096e+00 8.100994438732714187e+00
-2.167845240910839966e+00 7.939983918089862591e+00
-2.060602212744839790e+00 6.877546708195678704e+00
-2.086366217202785478e+00 8.000943238928769574e+00
-2.128652199308404658e+00 8.169558994399746865e+00
-2.259727671977938446e+00 7.353975915709616729e+00
-2.180311156447378718e+00 7.997424530621801253e+00
-2.009858066537034027e+00 6.592633297939650916e+00
-2.103818738317627890e+00 7.818650562899513545e+00
-1.979501970844810055e+00 6.538510199334009343e+00
-2.140926656436018760e+00 6.863636320462213725e+00
-2.231245612884241059e+00 8.275942043819815908e+00
-2.182656516486727760e+00 7.749998817544060614e+00
-2.090046010382208941e+00 6.463571877206133465e+00
-2.131770519022941457e+00 7.126318226929187816e+00
-2.129631409641060014e+00 7.571280045211513432e+00
-2.103621550641971982e+00 7.795673550188908507e+00
-2.008575907328491006e+00 6.930554477041274808e+00
-2.018288011215404687e+00 6.926395974664404598e+00
-2.061764202724312600e+00 6.871347612686379946e+00
-2.165680029235050874e+00 7.918970825564858984e+00
-2.116441995080779126e+00 7.736273268444431750e+00
-1.970322646176741577e+00 7.292691221391143230e+00
-2.074983888038757218e+00 6.641943432676145953e+00
-2.131848820439557368e+00 7.771411866668513468e+00
-2.023560438652652671e+00 7.175327456290532702e+00
-2.230717787936793872e+00 8.003397879339717136e+00
-2.128972007221174856e+00 7.328586604504987001e+00
-2.045179476454777934e+00 8.240725743100977496e+00
-2.072647922199894133e+00 7.771990290938877166e+00
-1.977206744183597431e+00 7.024475181912710475e+00
-2.151584929514783973e+00 8.337772049898122262e+00
-2.069967270876059029e+00 7.753638256598385681e+00
-2.139422343176824892e+00 7.543428562150614525e+00
-2.017687602112260503e+00 6.890398627709664048e+00
-2.001355947595937934e+00 7.078734309871672181e+00
-2.067430438187248143e+00 8.269212838037082847e+00
-2.113954248517876167e+00 7.876990760767264455e+00
-2.176558311106968180e+00 8.286050375798376777e+00
-2.128615143064205739e+00 7.567840403408711225e+00
-1.998593140193545725e+00 7.912703984628900677e+00
-2.053014017716709549e+00 7.443023988132304147e+00
-2.114666293315388135e+00 8.213229998930703601e+00
-1.946677102723509245e+00 6.927674801566950258e+00
-2.150091492766083245e+00 7.888394386428302596e+00
-2.219560067912997869e+00 8.243714892106007497e+00
-2.080016780681362754e+00 8.009925582725131221e+00
-2.045885812807641368e+00 7.001467334267545084e+00
-2.120443094943548434e+00 7.338110085400245453e+00
-2.200702441243509444e+00 8.057156667535592121e+00
-2.203833027284985757e+00 7.690594678957799246e+00
-2.150233825520187825e+00 7.532159186773650816e+00
-1.997305765339634442e+00 7.911091404307691199e+00
-2.148068697910326286e+00 7.802877257490619556e+00
-1.926751216496836783e+00 6.684486340216633238e+00
-2.016295510274065617e+00 6.724480360380832522e+00
-2.070821950267573541e+00 6.410743574392782307e+00
-2.025242281286331547e+00 7.366162973362076372e+00
-2.206837192808039472e+00 8.262335257524615173e+00
-2.153556132344463858e+00 8.161168865962419972e+00
-1.958194175272341075e+00 6.342358931996893823e+00
-2.147195151049014594e+00 7.968424051102548589e+00
-2.218115202321293111e+00 8.447534576684740060e+00
-2.211666313262981909e+00 8.272422920864833884e+00
-1.979157196522001838e+00 7.243978573097556328e+00
-2.164558454389119202e+00 7.022227595137247924e+00
-2.059723996558632031e+00 7.566209546973322375e+00
-2.130691045406014617e+00 7.280485359174976523e+00
-2.017801204176504992e+00 6.585347541253375958e+00
-2.037722811837459513e+00 7.662467169111415011e+00
-2.103326803751997875e+00 8.204256154620219732e+00
-2.102037140820941286e+00 6.982788009910287919e+00
-2.142882623834745814e+00 7.258486812414083111e+00
-2.273934048493782889e+00 7.840587755402398606e+00
-2.047668053992816262e+00 7.171950896047042612e+00
-2.247474995005124487e+00 7.062654897593409586e+00
-2.198679745932730079e+00 8.184291578661337496e+00
-2.220938080434842199e+00 7.547563978554581610e+00
-2.033624170591097347e+00 8.311452927876656460e+00
-2.104455420804218768e+00 7.773974958052126460e+00
-2.166576271527721698e+00 8.655902875976744681e+00
-2.168042684874413872e+00 7.221020524730858092e+00
-2.032294153990532593e+00 8.001103794991854201e+00
-2.165315455327361693e+00 8.380582830090277824e+00
-2.186111118690740263e+00 7.719515865556185297e+00
-2.148300758886508621e+00 7.716873643521595660e+00
-2.164569185290494246e+00 8.144920634171478824e+00
-2.197808904442382083e+00 7.488473279398446536e+00
-2.038306809251577256e+00 7.539431828562574545e+00
-1.951539996945871325e+00 7.298045766781898536e+00
-2.056625901480132246e+00 7.770910213577931103e+00
-2.061193381768779087e+00 7.534174977421693065e+00
-2.068352141099164321e+00 7.529661189469204707e+00
-2.210012467656305546e+00 8.035453000807546431e+00
-2.166785956146168424e+00 6.819771981269688865e+00
-2.051904074474216078e+00 7.746121956289888644e+00
-2.054123726009849715e+00 7.332213064492173693e+00
-2.103479215509660882e+00 7.517097312733857173e+00
-1.907436482267351296e+00 6.479585187051069894e+00
-2.109717162315881023e+00 6.450068993605383660e+00
-2.137413367304079603e+00 7.968985657945978573e+00
-2.126376083424853292e+00 6.480637447911594684e+00
-2.091667361482505427e+00 7.075973529878224255e+00
-2.124429185640481776e+00 7.386857919914487702e+00
-2.000049724970192067e+00 6.517323069947911662e+00
-1.905011729044921109e+00 7.089072366486663945e+00
-2.049440363637891505e+00 7.583344766477689625e+00
-2.044036360696626975e+00 7.101550311058773879e+00
-2.163748716327260624e+00 7.919757310251855920e+00
-2.041972242660727410e+00 7.499798539233535344e+00
-1.978969495567002745e+00 7.584886271764235133e+00
-2.287141349558365899e+00 8.299784256170765318e+00
-2.102677871586994929e+00 8.048163003051939768e+00
-2.045110788224570708e+00 6.411701242248766697e+00
-2.230588284500055973e+00 8.069147313788620934e+00
-2.080455130312993006e+00 7.049040654040493514e+00
-2.158161789668185282e+00 7.430735054747874990e+00
-2.150770236628683385e+00 8.331109904172372183e+00
-2.203579669438604949e+00 7.649530109810336320e+00
-2.203857162626792210e+00 8.132360252482659035e+00
-2.266113302098985649e+00 7.957739289711293296e+00
-2.161858194054474769e+00 7.417604612964332489e+00
-2.054275126753600578e+00 7.269812919597280931e+00
-2.006167818593226126e+00 7.187860256440895768e+00
-2.077342479646478335e+00 7.459530251911478338e+00
-1.982835402240208600e+00 7.132220640063394512e+00
-2.170254480884961978e+00 8.088487457829785399e+00
-2.078952816723107055e+00 6.558029583235320814e+00
-2.056716982857912157e+00 7.762256664956477259e+00
-1.936597358387230017e+00 6.649861026404611408e+00
-2.063524455842780547e+00 8.120844192942064055e+00
-2.159138068251434284e+00 6.939196464602252590e+00
-2.013094061028789739e+00 6.865075668397687458e+00
-2.096686549918677311e+00 7.341165056459242777e+00
-2.240593503494999528e+00 7.301025054959358940e+00
-2.209402261859231054e+00 7.513845573236334729e+00
-2.081733270551650250e+00 7.809551295018692940e+00
-2.137555369030560648e+00 8.075627503637637261e+00
-2.104796285599107364e+00 7.730411919081257466e+00
-1.943496944532182136e+00 7.790094434136062063e+00
-2.189484497424339704e+00 7.532590615423752745e+00
-2.194290489274605793e+00 7.554537146232934042e+00
-2.099212789477005181e+00 7.786811315949687007e+00
-2.103021010527645451e+00 8.011187005767855140e+00
-2.020605110756495293e+00 6.883674967559173297e+00
-2.121449657636023112e+00 7.837114271084642425e+00
-1.958964851707624133e+00 7.154201590465230076e+00
-2.258558383645638656e+00 7.864064048860754497e+00
-2.019249544904550664e+00 7.646499404394408117e+00
-2.009184576831842151e+00 8.294925809003943940e+00
-2.148263017977596334e+00 7.982409241715801684e+00
-2.017818256109345842e+00 6.680682633157188022e+00
-2.003076207104005579e+00 6.940694352573653525e+00
-2.159509478147782158e+00 7.840536733572522898e+00
-2.063183779383391592e+00 6.966656300929720658e+00
-2.206765406700292420e+00 8.007523316597863428e+00
-2.209580171261201098e+00 7.258365739979831588e+00
-2.097867366440092862e+00 6.691192511123148279e+00
-2.041697812611809937e+00 6.875107550855725336e+00
-2.142038844458101554e+00 7.666196725717813187e+00
-2.119674855514189993e+00 7.320042466635504397e+00
-2.225335819528293069e+00 8.255613003926173477e+00
-2.189165473601832002e+00 7.083409483473428025e+00
-2.088534342924136755e+00 7.057542216280904945e+00
-2.051856764081493978e+00 7.344210740288682260e+00
-2.221479534733597383e+00 7.095198664145859091e+00
-2.004240939562574653e+00 7.618559176981682945e+00
-1.982414687439315149e+00 6.812565888904667410e+00
-2.041725840812588455e+00 6.869747606488978420e+00
-2.115089504988818536e+00 7.647133767317810360e+00
-2.037368675521067374e+00 6.733490462202787796e+00
-2.068128834089625556e+00 7.036201989460024286e+00
-2.070743394124523462e+00 8.511808641999090597e+00
-2.168489272239909393e+00 7.240016126999019974e+00
-2.048293747910120643e+00 6.530619787861254188e+00
-2.179994259284761871e+00 7.536537896767253386e+00
-2.024890497681160806e+00 6.728949762398600321e+00
-2.089591891628887588e+00 7.101709482537401641e+00
-2.050346080522729597e+00 7.367131842538752196e+00
-2.169065518459982744e+00 8.501260142577864443e+00
-2.132139344657709934e+00 6.681359221105419799e+00
-2.264898928482406593e+00 6.849324665127718426e+00
-2.140082579553227227e+00 7.465973489613895175e+00
-2.170651770635428246e+00 7.721554167784648648e+00
-2.062673489499723178e+00 7.698177633670080233e+00
-1.915023298388253581e+00 7.182706112417705846e+00
-2.066278546390023951e+00 7.242698673949112376e+00
-2.081599260591044054e+00 8.048876283490136174e+00
-2.087761097892153472e+00 7.641893219780683921e+00
-2.061973324901300586e+00 7.924630417439502139e+00
-1.998651116672624850e+00 6.812276530444981049e+00
-2.047634232381563724e+00 7.518615602894276329e+00
-2.104383227352730312e+00 7.930138330660768453e+00
-2.035079413419431660e+00 8.163147490132493189e+00
-2.075162137995751443e+00 7.628729794517673746e+00
-2.170597841184425114e+00 8.449732830468429157e+00
-2.094969814005246178e+00 6.721955400172102912e+00
-2.059794188728186981e+00 7.887949305879815576e+00
-2.209029629329109845e+00 8.196258735141293883e+00
-2.139037593568847040e+00 8.061760954861620476e+00
-2.099143483096298279e+00 7.625855693341781816e+00
-2.044990048763255963e+00 6.807724668698151405e+00
-2.176968151414889530e+00 7.910291551155353318e+00
-2.138394666924770426e+00 6.929281306881072133e+00
-1.985274297845112113e+00 6.750513206279526557e+00
-2.027158729334950671e+00 7.415430156120559779e+00
-2.028111456338768104e+00 6.625432029890188090e+00
-1.923051222456435783e+00 6.912059370080578802e+00
-2.141229813541380977e+00 8.130732689216669584e+00
-1.857006413378527343e+00 6.810219332532150283e+00
-2.066586607607954207e+00 6.859787035666360389e+00
-2.118958461607209465e+00 7.106214658274547347e+00
-2.166290964316628820e+00 8.414622116616087055e+00
-1.962035011034722443e+00 6.810897177066260966e+00
-2.049464234229459780e+00 7.425491930065074797e+00
-2.033791395045560169e+00 7.300559278953742570e+00
-2.182099338208529193e+00 7.609529324071855783e+00
-2.200666739993926146e+00 8.451699217543108489e+00
-2.081697578634954748e+00 7.769024136285120008e+00
-2.161874714505927830e+00 7.880806002022718637e+00
-1.971085720320215673e+00 6.391781598061172964e+00
-2.206317239135935360e+00 8.406626625590511992e+00
-2.291049373828554891e+00 7.903759474390849249e+00
-2.179008923568177991e+00 6.913558417122589894e+00
-2.281080440963587197e+00 8.188785718165348726e+00
-2.079333345076003869e+00 8.242109388250192126e+00
-2.117683060905536596e+00 7.776577606059117187e+00
-2.071897176086765047e+00 7.910147735808592095e+00
-2.150219891202588940e+00 8.088830436007008018e+00
-2.200567130138386229e+00 8.137871835289429256e+00
-1.953435280124397266e+00 7.386002686997224842e+00
